1000.00	0.44801	0.35462
1150.00	0.41559	0.35725
1322.50	0.38439	0.35927
1520.88	0.35512	0.36039
1749.01	0.32827	0.36036
2011.36	0.30412	0.35898
2313.06	0.28281	0.35620
2660.02	0.26431	0.35208
3059.02	0.24853	0.34679
3517.88	0.23527	0.34060
4045.56	0.22430	0.33382
4652.39	0.21535	0.32677
5350.25	0.20813	0.31972
6152.79	0.20237	0.31292
7075.71	0.19781	0.30655
8137.06	0.19423	0.30073
9357.62	0.19143	0.29552
10761.26 0.18923 0.29093
12375.45 0.18751 0.28694
14231.77 0.18615 0.28350
16366.54 0.18507 0.28056
18821.52 0.18420 0.27806
21644.75 0.18351 0.27593
24891.46 0.18295 0.27412
28625.18 0.18249 0.27259
32918.95 0.18211 0.27129