1.329176448	4.538	3.4132	4.539	6.924211985	9.17295818	13.7017	0	0	0	0	0	0	0	0	0
1.479054998	5.49	3.7883	4.922	7.247911327	9.397114842	13.7017	0	0	0	0	0	0	0	0	0
1.639952234	6.518	4.1635	5.306	7.571624524	9.621271505	13.7017	0	0	0	0	0	0	0	0	0
1.812153122	7.587	5.518	6.898	9.518739176	11.81924447	13.7017	0	0	0	0	0	0	0	0	0
1.995847638	8.705	6.8727	8.49	11.46586768	14.01721743	13.7017	0	0	0	0	0	0	0	0	0
2.191252901	9.875	7.3747	9.02	12.07071701	14.70233921	13.7017	0	0	0	0	0	0	0	0	0
2.398504607	11.084	7.8769	9.55	12.67558019	15.3875985	13.7017	0	0	0	0	0	0	0	0	0
2.617711316	12.312	8.1222	9.76	12.81037755	15.44975728	13.7017	0	0	0	0	0	0	0	0	0
2.848981586	13.49	8.3677	9.971	12.94517492	15.51191606	13.7017	0	0	0	0	0	0	0	0	0
3.092328986	14.549	8.2133	9.716	12.47758919	14.84453429	13.7017	0	0	0	0	0	0	0	0	0
3.347794227	15.457	8.0588	9.46	12.01001732	14.17715252	13.7017	0	0	0	0	0	0	0	0	0
3.615336599	16.192	9.244	10.693	13.2696363	15.42211587	13.7017	0	0	0	0	0	0	0	0	0
3.894901822	16.708	10.4293	11.925	14.52926914	16.66707922	13.7017	0	0	0	0	0	0	0	0	0
4.186394909	16.976	11.295	12.788	15.37041912	17.47926895	13.7017	0	0	0	0	0	0	0	0	0
4.489693729	17.052	12.1607	13.651	16.21170766	18.29145867	13.7017	0	0	0	0	0	0	0	0	0
4.804635447	16.997	12.3953	13.823	16.26740561	18.2463523	13.7017	0	0	0	0	0	0	0	0	0
5.131030084	16.928	12.6297	13.995	16.32310357	18.20138345	13.7017	0	0	0	0	0	0	0	0	0
5.468660524	16.956	12.6824	13.956	16.11860062	17.85524705	13.7017	0	0	0	0	0	0	0	0	0
5.81728251	17.024	12.7351	13.918	15.91423623	17.50924818	13.7017	0	0	0	0	0	0	0	0	0
6.176624645	17.064	12.9957	14.115	15.98780741	17.47335561	13.7017	0	0	0	0	0	0	0	0	0
6.546388395	17.038	13.2565	14.312	16.06137859	17.43746304	13.7017	0	0	0	0	0	0	0	0	0
6.926275223	16.903	13.0373	13.987	15.56868722	16.81738796	13.7017	0	0	0	0	0	0	0	0	0
7.315918744	16.598	12.818	13.662	15.07599584	16.19745039	13.7017	0	0	0	0	0	0	0	0	0
7.714966143	16.076	13.0801	13.844	15.11354347	16.11535129	13.7017	0	0	0	0	0	0	0	0	0
8.123037466	15.416	13.3423	14.025	15.15122965	16.0332522	13.7017	0	0	0	0	0	0	0	0	0
8.539752758	14.711	13.4043	14.026	15.0437132	15.83481167	13.7017	0	0	0	0	0	0	0	0	0
8.964691355	14.068	13.4662	14.027	14.93619674	15.63623362	13.7017	0	0	0	0	0	0	0	0	0
9.397432592	13.588	13.5021	13.978	14.72753724	15.28954715	13.7017	0	0	0	0	0	0	0	0	0
9.837555806	13.325	13.5381	13.928	14.51887773	14.94272316	13.7017	0	0	0	0	0	0	0	0	0
10.28459962	13.309	13.8845	14.222	14.71963976	15.06552801	13.7017	0	0	0	0	0	0	0	0	0
10.73814338	13.477	14.2308	14.517	14.92054035	15.18833285	13.7017	0	0	0	0	0	0	0	0	0
11.19771213	13.743	14.1372	14.37	14.69303776	14.90256749	13.7017	0	0	0	0	0	0	0	0	0
11.6628445	14.04	14.0435	14.223	14.46553516	14.61680212	13.7017	0	0	0	0	0	0	0	0	0
12.1330927	14.295	14.1523	14.283	14.44059577	14.52150116	13.7017	0	0	0	0	0	0	0	0	0
12.60798176	14.467	14.2612	14.344	14.41579494	14.42633772	13.7017	0	0	0	0	0	0	0	0	0
13.08703676	14.531	14.0998	14.137	14.13550398	14.08914009	13.7017	0	0	0	0	0	0	0	0	0
13.56980989	14.48	13.9383	13.93	13.85521302	13.75194246	13.7017	0	0	0	0	0	0	0	0	0
14.05588048	14.317	13.7805	13.736	13.60126082	13.45049988	13.7017	0	0	0	0	0	0	0	0	0
14.54466503	14.068	13.6226	13.542	13.34730862	13.1490573	13.7017	0	0	0	0	0	0	0	0	0
15.03575645	13.772	13.7051	13.579	13.30947004	13.05251867	13.7017	0	0	0	0	0	0	0	0	0
15.52874764	13.449	13.7874	13.617	13.27163145	12.95611755	13.7017	0	0	0	0	0	0	0	0	0
16.02323151	13.123	13.4097	13.176	12.77960513	12.45994747	13.7017	0	0	0	0	0	0	0	0	0
16.51866527	12.816	13.0321	12.737	12.2875788	11.96377738	13.7017	0	0	0	0	0	0	0	0	0
17.01464182	12.544	13.324	12.945	12.37906477	11.97959212	13.7017	0	0	0	0	0	0	0	0	0
17.51088977	12.335	13.616	13.153	12.47055074	11.99540685	13.7017	0	0	0	0	0	0	0	0	0
18.00673063	12.216	13.7261	13.203	12.44234153	11.9207338	13.7017	0	0	0	0	0	0	0	0	0
18.50189299	12.156	13.8364	13.253	12.41414617	11.84592324	13.7017	0	0	0	0	0	0	0	0	0
18.99610546	12.128	13.8205	13.189	12.28249394	11.67003589	13.7017	0	0	0	0	0	0	0	0	0
19.48868956	12.115	13.8047	13.125	12.1508417	11.49401103	13.7017	0	0	0	0	0	0	0	0	0
19.97950959	12.11	13.5734	12.862	11.8453204	11.16162658	13.7017	0	0	0	0	0	0	0	0	0
20.46815844	12.101	13.342	12.599	11.53981295	10.82924213	13.7017	0	0	0	0	0	0	0	0	0
20.95422903	12.082	13.5605	12.731	11.56825771	10.80723902	13.7017	0	0	0	0	0	0	0	0	0
21.43744996	12.074	13.7789	12.862	11.59670246	10.78537343	13.7017	0	0	0	0	0	0	0	0	0
21.91741414	12.1	13.5566	12.62	11.34229304	10.5359132	13.7017	0	0	0	0	0	0	0	0	0
22.39398586	12.129	13.3343	12.377	11.08788362	10.28659048	13.7017	0	0	0	0	0	0	0	0	0
22.86648664	12.129	13.5102	12.479	11.10089366	10.25372334	13.7017	0	0	0	0	0	0	0	0	0
23.33505218	12.088	13.686	12.581	11.11390371	10.22099372	13.7017	0	0	0	0	0	0	0	0	0
23.79913967	11.994	14.0215	12.834	11.25683408	10.29649188	13.7017	0	0	0	0	0	0	0	0	0
24.25861344	11.868	14.3568	13.087	11.39976446	10.37199004	13.7017	0	0	0	0	0	0	0	0	0
24.71306637	11.73	14.0871	12.809	11.12310357	10.10754019	13.7017	0	0	0	0	0	0	0	0	0
25.16236278	11.551	13.8174	12.531	10.84644267	9.843090337	13.7017	0	0	0	0	0	0	0	0	0
25.60636695	11.305	12.9984	11.815	10.25323173	9.311990319	13.7017	0	0	0	0	0	0	0	0	0
26.04467181	11.029	12.1794	11.099	9.660034638	8.780890301	13.7017	0	0	0	0	0	0	0	0	0
26.47714166	10.759	12.4736	11.319	9.790813994	8.865052189	13.7017	0	0	0	0	0	0	0	0	0
26.90364078	10.492	12.768	11.54	9.921593349	8.949214076	13.7017	0	0	0	0	0	0	0	0	0
27.32403349	10.226	12.8575	11.679	10.11139591	9.155080655	13.7017	0	0	0	0	0	0	0	0	0
27.73791269	9.956	12.9471	11.819	10.30121233	9.360947234	13.7017	0	0	0	0	0	0	0	0	0
28.14527838	9.681	11.8297	10.801	9.418288881	8.561409299	13.7017	0	0	0	0	0	0	0	0	0
28.54613057	9.392	10.7121	9.784	8.535365431	7.762008884	13.7017	0	0	0	0	0	0	0	0	0
28.94006215	9.117	11.3852	10.415	9.109082092	8.29833464	13.7017	0	0	0	0	0	0	0	0	0
29.32707313	8.856	12.0581	11.047	9.682798753	8.834522876	13.7017	0	0	0	0	0	0	0	0	0
29.7070278	8.636	12.4811	11.443	10.04313128	9.172133064	13.7017	0	0	0	0	0	0	0	0	0
30.07979048	8.457	12.904	11.84	10.4034638	9.509605732	13.7017	0	0	0	0	0	0	0	0	0
30.44536116	8.278	11.904	10.926	9.607177	8.786116039	13.7017	0	0	0	0	0	0	0	0	0
30.80346844	8.141	10.9039	10.013	8.810904053	8.062626346	13.7017	0	0	0	0	0	0	0	0	0
31.15424803	8.045	9.4726	8.684	7.621115345	6.961645832	13.7017	0	0	0	0	0	0	0	0	0
31.49756422	7.99	8.0413	7.354	6.431340492	5.860665319	13.7017	0	0	0	0	0	0	0	0	0
31.83328132	7.976	9.7996	8.965	7.843685487	7.148947289	13.7017	0	0	0	0	0	0	0	0	0
32.16153502	8.003	11.558	10.577	9.256030481	8.437091739	13.7017	0	0	0	0	0	0	0	0	0
32.48205393	8.045	11.2341	10.29	9.018926221	8.22888733	13.7017	0	0	0	0	0	0	0	0	0
32.79483804	8.127	10.91	10.004	8.781821961	8.020682921	13.7017	0	0	0	0	0	0	0	0	0
