0.478	1.16	1.788	0.692	0.944	1.106	0.758	0.836	0.754	0.19541937	0.77	0.324	0.446	0.574	8.784027125	0
0.586	1.398	2.242	0.772	1.164	1.326	0.512	0.586	0.528	0	0.582	0.412	0.584	0.738	8.374105859	0
0.764	1.74	2.816	0.882	1.436	1.614	0.382	0.458	0.412	0	0.512	0.542	0.782	0.974	7.847064232	0
0.846	1.978	3.296	0.902	1.678	1.89	0.284	0.396	0.374	0	0.518	0.622	0.91	1.164	7.144342062	0
0.994	2.318	3.926	0.972	1.992	2.256	0.302	0.488	0.51	0.539357461	0.726	0.734	1.092	1.434	8.901147487	0
17.26	18.906	23.266	14.244	11.772	12.294	14.728	14.14	14.336	16.60282967	14.908	14.92	15.48	14.442	17.01173253	0
2.33	4.16	6.414	1.744	3.156	3.56	1.474	2.038	2.41	1.704056906	2.938	1.776	2.25	2.738	6.588020344	0
1.418	3.304	5.944	1.072	3.02	3.494	0.938	1.958	2.714	1.453920113	3.444	0.954	1.538	2.224	4.538414015	0
1.568	3.66	6.678	1.122	3.46	4.024	1.066	2.642	3.92	2.438833737	0.998	0.944	1.658	2.486	4.450573743	0
1.718	4.066	7.388	1.182	3.932	4.61	1.35	3.558	5.466	3.908387399	6.88	0.944	1.796	2.78	4.977615371	0
1.888	4.4	8.066	1.284	4.486	5.274	1.702	4.596	7.078	5.495192683	8.914	0.988	2.002	3.164	8.637626673	0
39.308	46.38	52.532	38.554	35.2	37.202	36.362	38.286	42.364	35.23802079	45.616	30.058	40.89	40.198	41.48988812	0
2.188	5.162	9.374	1.554	5.734	6.788	2.342	6.352	9.804	13.11654811	12.306	1.216	2.75	4.344	17.77301488	0
2.276	5.526	9.958	1.674	6.384	7.596	2.392	6.67	10.366	9.598999453	13.062	1.426	3.376	5.266	10.04307101	0
2.378	5.82	10.492	1.844	7.076	8.424	2.436	6.774	10.5	10.40412726	13.27	1.82	4.346	6.57	11.3021149	0
2.474	6.122	10.962	2.036	7.746	9.276	2.38	6.578	10.146	10.67771438	12.874	2.352	5.592	8.16	12.59043888	0
2.562	6.384	11.362	2.236	8.396	10.06	2.232	6.12	9.386	10.7011647	11.962	2.992	6.984	9.846	13.73236241	0
2.63	6.622	11.688	2.456	8.984	10.79	2.244	5.656	8.484	10.26342531	10.848	3.708	8.392	11.478	14.69860539	0
2.678	6.766	11.904	2.676	9.498	11.388	1.966	4.962	7.432	9.598999453	9.484	4.496	9.724	13.052	15.54772801	0
2.712	6.94	12.024	2.908	9.916	11.896	1.788	4.32	6.368	8.92675682	8.22	5.352	10.866	14.398	16.16260991	0
2.718	7.004	12.048	3.148	10.242	12.272	2.416	4.68	6.388	9.114359415	8.008	6.332	11.898	15.65	16.60181127	0
2.712	7.044	11.976	3.418	10.472	12.536	10.512	13.798	15.548	17.22817166	17.108	8.186	13.582	17.77	16.74821172	0
2.814	7.162	11.976	3.92	10.798	12.868	11.084	14.17	15.89	20.45649965	17.31	9.166	14.002	18.334	16.83605199	0
2.678	7.028	11.72	4.21	10.756	12.78	6.338	8.458	9.586	14.5157508	10.694	9.2	13.28	17.362	16.42613072	0
2.658	7.028	11.57	4.792	10.808	12.77	3.206	4.534	5.248	8.879856171	6.182	9.052	12.414	16.084	16.04548955	0
2.65	6.98	11.258	5.554	10.776	12.648	1.344	2.216	2.63	5.338857188	3.482	8.632	11.39	14.764	15.43060765	0
2.706	6.94	10.962	6.536	10.724	12.492	0.918	1.532	1.76	4.361760338	2.512	8.326	10.54	13.824	14.84500584	0
2.848	7.004	10.684	7.658	10.65	12.282	0.734	1.214	1.34	3.814586102	2.02	7.95	9.708	12.738	14.11300358	0
3.148	7.226	10.54	8.752	10.618	12.094	0.604	1.014	1.076	3.369029938	1.696	7.566	8.96	11.688	13.49812168	0
3.652	7.584	10.5	9.544	10.576	11.896	0.642	0.976	0.986	2.939107324	1.548	7.232	8.35	10.714	12.8246796	0
4.456	8.124	10.66	10.054	10.598	11.73	0.98	1.252	1.212	2.821855702	1.716	7.05	7.954	9.932	12.23907779	0
5.594	8.94	10.978	10.356	10.63	11.586	3.81	4.058	3.952	4.393027437	4.278	7.408	8.1	9.688	11.82915653	0
7.14	9.926	11.522	10.536	10.734	11.498	35.528	40.934	43.188	30.16493395	44.024	11.972	11.854	14.512	12.56115879	0
29.796	30.832	36.55	33.472	33.586	35.034	69.468	78.05	82.426	78.16774799	83.47	36.706	36.818	40.084	29.74857186	0
11.31	12.442	13.054	11.058	11.122	11.454	23.36	27.138	28.478	28.56249511	29.226	11.806	11.812	13	17.01173253	0
13.736	13.784	13.882	11.388	11.364	11.498	6.374	6.914	6.948	8.262330962	7.334	9.586	9.99	9.498	10.83363345	0
15.998	15.166	14.656	11.86	11.678	11.598	3.274	3.142	2.952	2.32939889	3.302	9.734	10.18	8.828	10.77507327	0
18.294	16.39	15.312	12.43	12.044	11.752	2.984	2.52	2.198	1.602438834	2.512	10.538	10.902	8.942	10.86291354	0
20.264	17.39	15.734	13.052	12.442	11.928	2.824	2.21	1.85	1.438286563	2.162	11.448	11.666	9.202	11.03859409	0
24.632	20.708	19.148	16.852	16.29	15.754	5.9	5.01	4.7	4.760415852	5.062	15.55	15.498	12.704	14.3472443	0
25.906	21.988	19.444	17.844	16.992	16.252	12.28	10.996	10.61	13.49957008	10.662	17.562	17.156	14.346	15.37204747	0
23.01	18.39	15.358	15.158	13.742	12.636	17.01	16.568	16.38	17.01711874	16.15	16.11	15.24	12.704	11.77059635	0
22.696	17.97	14.672	15.838	14.14	12.858	12.972	11.644	10.984	14.63300242	10.712	16.966	15.746	12.826	11.82915653	0
22.016	17.43	13.866	16.56	14.602	13.156	13.002	10.612	9.56	7.934026421	8.804	17.368	15.79	12.748	12.06339725	0
20.856	16.652	12.846	17.152	14.938	13.354	10.634	8.288	7.33	5.674978504	6.61	18.288	16.296	13.364	12.23907779	0
19.596	15.786	11.784	17.724	15.252	13.554	6.844	5.052	4.364	4.041272571	4.052	19.302	16.914	14.13	12.44403843	0
17.92	14.786	10.676	18.224	15.536	13.72	85.454	65.978	57.138	44.28984601	46.722	21.05	17.55	15.858	12.5318787	0
16.148	13.768	9.582	18.686	15.734	13.82	40.22	32.258	27.988	38.60705073	23.64	21.348	17.912	16.154	12.64899906	0
14.384	12.688	8.522	19.378	16.028	14.03	11.726	10.838	10.674	14.5157508	10.332	21.706	18.272	16.718	12.67827915	0
12.7	11.768	7.548	20.29	16.342	14.338	14.402	13.26	12.86	11.10763699	12.254	21.384	17.8	16.518	12.61971897	0
11.092	10.768	6.622	20.73	16.416	14.394	17.638	14.286	12.808	10.95130149	11.03	20.308	16.734	15.52	12.50259861	0
9.594	9.886	5.808	20.06	15.996	13.962	4.014	3.148	2.758	4.682248104	2.59	19.04	15.652	14.494	12.29763798	0
8.278	9.108	5.058	19.578	15.63	13.61	2.62	2.044	1.812	2.094895646	1.786	17.868	14.638	13.668	12.00483707	0
7.1	8.306	4.42	19.318	15.304	13.332	2.584	2.136	1.966	2.454467287	1.954	16.59	13.522	12.764	11.68275608	0
6.064	7.662	3.862	21.242	15.84	13.94	4.908	4.064	3.72	4.885484249	3.424	15.156	12.284	11.714	11.27283481	0
5.158	6.924	3.368	21.994	15.902	14.074	3.188	2.826	2.676	4.518095834	2.602	13.73	11.098	10.636	10.83363345	0
4.368	6.36	2.936	23.498	16.216	14.494	2.712	2.344	2.198	5.276322989	2.09	12.34	9.956	9.594	10.30659183	0
3.706	5.804	2.578	19.208	14.152	12.46	2.676	2.35	2.154	4.033455796	2.066	11.046	8.892	8.628	9.83811038	0
3.134	5.344	2.274	16.03	12.516	10.89	1.684	1.574	1.514	2.368482764	1.54	9.716	7.826	7.638	9.281788662	0
2.644	4.844	1.994	14.084	11.374	9.84	1.314	1.276	1.238	1.227233643	1.268	8.58	6.89	6.77	8.725466944	0
2.228	4.438	1.764	13.002	10.566	9.12	1.436	1.446	1.418	1.344485265	1.47	7.548	6.056	5.988	8.110585045	0
1.88	4.082	1.572	12.03	9.822	8.48	1.98	1.788	1.708	1.203783319	1.644	6.586	5.274	5.248	7.612823508	0
1.73	3.82	1.556	11.208	9.256	8.004	2.294	1.958	1.754	1.336668491	1.586	5.93	4.776	4.78	7.085781881	0
1.35	3.358	1.26	10.184	8.448	7.296	1.776	1.452	1.282	0.859845228	1.14	5.038	4.02	4.066	6.529460163	0
1.138	3.026	1.134	9.252	7.716	6.656	0.61	0.518	0.452	0.218869694	0.446	4.338	3.48	3.484	5.914578264	0
0.974	2.764	1.03	8.52	7.118	6.168	4.408	3.406	3.004	2.853122802	2.486	3.856	3.058	3.128	5.475376908	0
0.858	2.526	0.982	7.77	6.552	5.66	8.558	6.738	5.878	5.893848198	4.848	3.472	2.724	2.868	4.8897751	0
0.708	2.278	0.862	7.018	5.922	5.13	2.88	2.404	2.044	1.829125303	1.748	2.948	2.336	2.442	4.450573743	0
0.606	2.064	0.798	6.346	5.378	4.666	0.376	0.336	0.284	0.039083874	0.278	2.572	2.062	2.13	3.982092297	0
0.524	1.842	0.734	5.754	4.906	4.246	0.32	0.3	0.246	0.031267099	0.246	2.256	1.822	1.886	3.660011302	0
0.456	1.778	0.686	5.152	4.434	3.858	0.284	0.262	0.22	0.031267099	0.22	1.994	1.606	1.668	3.308650217	0
0.388	1.5	0.638	4.632	4.004	3.482	0.21	0.202	0.168	0.023450324	0.168	1.776	1.426	1.504	3.015849313	0
0.34	1.342	0.59	4.26	3.69	3.262	0.246	0.232	0.194	0.023450324	0.188	1.556	1.262	1.346	2.723048409	0
0.3	1.222	0.55	3.71	3.218	2.842	0.352	0.318	0.27	0.01563355	0.246	1.408	1.134	1.216	2.459527595	0
0.272	1.08	0.526	3.548	3.124	2.808	0.148	0.158	0.13	0.01563355	0.136	1.26	1.022	1.104	2.196006781	0
0.232	0.96	0.486	2.948	2.62	2.31	0.104	0.134	0.026	0.007816775	0.104	1.11	0.91	1	1.932485968	0
0.982	1.74	1.428	2.586	2.338	2.078	0.82	0.964	0.844	0.007816775	0.92	2.03	1.812	1.894	1.698245244	0
0.19	0.802	0.438	2.726	2.484	2.256	0.092	0.122	0.02	0	0.09	0.9	0.748	0.816	1.493284611	0
0.3	0.818	0.542	2.086	1.886	1.702	0.198	0.25	0.136	0	0.208	0.962	0.808	0.886	1.346884159	0
0.178	0.66	0.4	1.934	1.792	1.648	0.086	0.158	0.032	0	0.09	0.744	0.628	0.678	1.200483707	0
0.136	0.564	0.36	1.614	1.478	1.404	0	0.116	0	0	0	0.656	0.55	0.634	1.083363345	0
