0	0	0	0	0	0	0	0	0	0	0	0	0	0	0	0
0	0	0	0	0	0	0	0	0	0	0	0	0	0	0	0
0	0	0	0	0	0	0	0	0	0	0	0	0	0	0	0
0	0	0	0	0	0	0	0	0	0	0	0	0	0	0	0
0	0	0	0	0	0	0	0	0	0	0	0	0	0	0	0
0	0	0	0	0	0	0	0	0	0	0	0	0	0	0	0
0	0	0	0	0	0	0	0	0	0	0	0	0	0	0	0
0	0	0.001091	0.004749	0	0.011002	0.002518	0.005149	0.001184	0.002797	0.006497	0	0.011107	0	0	0
0	0	0.002891	0.009847	0	0.022713	0.009321	0.013747	0.002871	0.009573	0.017185	0	0.022924	0	0	0
0	0	0.005764	0.02001	0	0.046172	0.018224	0.027397	0.005762	0.018792	0.034272	0	0.0466	0	0	0
0	0	0.014121	0.045833	0	0.10561	0.047731	0.067237	0.013804	0.048555	0.083921	-0	0.10658	0	0	0
0	0	0.025189	0.077206	0	0.17767	0.089553	0.12011	0.024179	0.090212	0.14965	0.016667	0.17929	0	0	0
5.1e-05	0	0.049771	0.15411	0	0.35473	0.17543	0.23726	0.047928	0.17701	0.2957	0.033333	0.35797	0	0	0
0.023716	0	0.093467	0.30522	0.000121	0.70339	0.31413	0.44496	0.09155	0.31991	0.55548	0.05	0.70986	0	0	0
0.042734	0	0.13759	0.39178	0.007719	0.89999	0.51818	0.65719	0.12915	0.51644	0.81708	0.033333	0.90808	0	0	0
0.000301	0	0.17339	0.38187	0.12312	0.8567	0.72767	0.80301	0.1474	0.7082	0.9934	0.016667	0.8639	0	0	0
0	0	0.1459	0.22558	0.49093	0.48434	0.6787	0.6563	0.1112	0.64733	0.80742	0	0.48786	0	0	0
0	0.00242	0.11842	0.16944	0.48941	0.33895	0.51171	0.48755	0.082027	0.48794	0.60077	0	0.34116	0	0	0
0	0.11043	0.10226	0.14513	0.12197	0.24357	0.34	0.33373	0.068161	0.32837	0.41257	0	0.24494	0	0	0
0	0.019683	0.10806	0.14313	0.0076	0.18393	0.25479	0.25444	0.060849	0.25013	0.31739	0	0.1845	0	0	0
0	1.4e-05	0.11824	0.15001	0.000118	0.15333	0.21068	0.21462	0.060078	0.21063	0.27012	0	0.15338	0	0	0
0	0	0.15948	0.19305	0	0.13993	0.18821	0.19911	0.069639	0.19505	0.25547	0	0.1392	0	0	0
0	0	0.25145	0.29719	0	0.16391	0.20732	0.22965	0.093879	0.22418	0.30241	0	0.162	0	0	0
0	0	0.39538	0.46579	0	0.22519	0.26043	0.30343	0.14166	0.29222	0.4061	0	0.22177	0	0	0
0	0	0.51916	0.61128	0	0.28074	0.32193	0.38523	0.20365	0.36706	0.51359	0	0.27629	0	0	0
0	0	0.58619	0.68497	1.7e-05	0.30052	0.38761	0.46159	0.27612	0.44014	0.60288	0	0.29583	0	0	0
0.001702	4e-06	0.60843	0.70181	0.001742	0.29533	0.47599	0.55393	0.37517	0.5311	0.69891	0	0.29125	0	0	0
0.29408	0.022727	0.6413	0.72893	0.044085	0.29031	0.58878	0.67342	0.50515	0.64801	0.82352	0	0.28698	0	0	0
0.19847	0.56651	0.6864	0.7673	0.27897	0.28843	0.73404	0.82536	0.66152	0.7979	0.98427	0	0.28595	0	0	0
0.000523	0.05516	0.65108	0.72206	0.44132	0.26363	0.74267	0.82963	0.68148	0.80346	0.97958	0	0.26176	0	0	0
0	2.1e-05	0.59814	0.66069	0.17454	0.23759	0.70373	0.78376	0.65102	0.75967	0.92116	0	0.23609	0	0	0
0	0	0.51623	0.56818	0.017258	0.20155	0.62369	0.69288	0.58087	0.67205	0.81119	0	0.20042	0	0	0
0	0	0.41436	0.45479	0.000427	0.15958	0.51085	0.56645	0.47815	0.54971	0.66124	0	0.15878	0	0	0
0	0	0.3167	0.34648	3e-06	0.12004	0.39944	0.44201	0.37593	0.42918	0.51431	0	0.11952	0	0	0
0	0	0.24193	0.2639	0	0.090337	0.31148	0.34404	0.29455	0.33423	0.39916	0	0.090009	0	0	0
5e-06	0	0.18102	0.19677	0	0.066395	0.23865	0.26306	0.2269	0.2557	0.30421	-0	0.066207	0	0	0
0.026616	0	0.14999	0.16526	0	0.057858	0.19781	0.21794	0.1872	0.20969	0.2504	0.037496	0.057717	0	0	0
0.51788	9.5e-05	0.13775	0.15876	0	0.062108	0.18089	0.19911	0.1683	0.18489	0.22388	0.074992	0.062014	0	0	0
0.039361	0.10686	0.13725	0.16561	0	0.071362	0.18024	0.19811	0.16476	0.17679	0.21735	0.11249	0.071316	0	0	0
1.2e-05	0.47118	0.17359	0.22188	5.2e-05	0.10625	0.22625	0.24838	0.20157	0.20963	0.26376	0.074992	0.10625	0	0	0
0	0.008115	0.29738	0.40373	0.004359	0.21294	0.37429	0.41128	0.32118	0.32375	0.42176	0.037496	0.21294	0	0	0
0	1e-06	0.4734	0.65921	0.091335	0.35805	0.58557	0.64286	0.50246	0.49846	0.6547	-0	0.35805	0	0	0
0	0	0.71919	1.0137	0.47845	0.55875	0.88227	0.96836	0.75471	0.74271	0.98114	0	0.55875	0	0	0
0	0	0.67457	0.95277	0.62658	0.52372	0.82538	0.905	0.71498	0.70255	0.92275	0	0.52372	0	0	0
0	0	0.39799	0.56193	0.20514	0.29917	0.48671	0.53105	0.45141	0.44152	0.56064	0	0.29917	0	0	0
0	0	0.20754	0.29342	0.016791	0.14116	0.25354	0.27256	0.28198	0.27208	0.3174	0	0.14116	0	0	0
0.000277	0.000495	0.12953	0.18537	0.000344	0.066716	0.15611	0.16121	0.24831	0.23429	0.23581	0	0.066716	0	0	0
0.21962	0.2778	0.11912	0.16842	2e-06	0.038918	0.14784	0.14825	0.29016	0.27051	0.25188	0	0.038918	0	0	0
0.68031	0.60886	0.14508	0.20019	0	0.022239	0.18989	0.18757	0.41404	0.38275	0.34315	0.25116	0.022239	0	0	0
0.008232	0.005213	0.26578	0.35536	0	0.016679	0.37006	0.36818	0.7946	0.73073	0.65614	0.50231	0.016679	0	0	0
0	0	0.33484	0.42837	0	0.007228	0.50348	0.51221	0.97961	0.89638	0.82837	0.75347	0.007228	0	0	0
0	0	0.37626	0.38193	0	0	0.75667	0.84	0.79831	0.70987	0.83544	0.50231	0	0	0	0
0	0	0.34583	0.2585	0	0	0.87303	1.02	0.42915	0.35494	0.66653	0.25116	0	0	0	0
0	0	0.26214	0.18126	0	0	0.68993	0.8125	0.27697	0.22183	0.48915	0	0	0	0	0
0	0	0.15355	0.11268	5.2e-05	0	0.39165	0.4585	0.18364	0.15085	0.29364	0	0	0	0	0
0	0	0.0996	0.070253	0.004469	0	0.25948	0.305	0.10979	0.088734	0.18737	0	0	0	0	0
0	0	0.065017	0.044403	0.095626	0	0.17218	0.203	0.066873	0.05324	0.12071	0	0	0	0	0
0	0	0.040394	0.025578	0.51152	0	0.11082	0.1315	0.034936	0.02662	0.072797	0	0	0	0	0
0	0	0.022548	0.015176	0.68406	0	0.060141	0.071	0.022458	0.017747	0.04162	0	0	0	0	0
0	0	0.012588	0.008151	0.2287	0	0.034193	0.0405	0.011479	0.008873	0.022883	0	0	0	0	0
0	0	0.006045	0.002589	0.019115	0	0.018963	0.023	0.00115	0	0.009538	0	0	0	0	0
0	0	0.002628	0.001126	0.000399	0	0.008245	0.01	0.0005	0	0.004147	0	0	0	0	0
0	0	0	0	2e-06	0	0	0	0	0	0	0	0	0	0	0
0	0	0	0	0	0	0	0	0	0	0	0	0	0	0	0
0	0	0	0	0	0	0	0	0	0	0	0	0	0	0	0
0	0	0	0	0	0	0	0	0	0	0	0	0	0	0	0
0	0	0	0	0	0	0	0	0	0	0	0	0	0	0	0
0	0	0	0	0	0	0	0	0	0	0	0	0	0	0	0
0	0	0	0	0	0	0	0	0	0	0	0	0	0	0	0
0	0	0	0	0	0	0	0	0	0	0	0	0	0	0	0
0	0	0	0	0	0	0	0	0	0	0	0	0	0	0	0
0	0	0	0	0	0	0	0	0	0	0	0.027323	0	0	0	0
0	0	0	0	0	0	0	0	0	0	0	0.054646	0	0	0	0
0	0	0	0	0	0	0	0	0	0	0	0.027323	0	0	0	0
0	0	0	0	0	0	0	0	0	0	0	-0	0	0	0	0
0	0	0	0	0	0	0	0	0	0	0	0	0	0	0	0
0	0	0	0	0	0	0	0	0	0	0	0	0	0	0	0
0	0	0	0	0	0	0	0	0	0	0	0	0	0	0	0
0	0	0	0	0	0	0	0	0	0	0	0	0	0	0	0
0	0	0	0	0	0	0	0	0	0	0	0	0	0	0	0
0	0	0	0	0	0	0	0	0	0	0	0	0	0	0	0
