0.042821159	0.033733562	0.025745683	0.018824306	0.045878312	0.032198712	0.057997281	0.035483871	0.027590435	0.015063102	0.012493136	0.014008463	0	0	0	0
0.054041676	0.042309891	0.032025118	0.023117569	0.057654563	0.040171726	0.072043498	0.04398827	0.034334764	0.008549328	0.008649094	0.009338976	0	0	0	0
0.067323105	0.052601487	0.03956044	0.028731836	0.071638862	0.049984667	0.086995922	0.053079179	0.041692213	0.008413625	0.006315211	0.006566467	0	0	0	0
0.079459583	0.061463694	0.045211931	0.032364597	0.084641806	0.058264336	0.102628002	0.062463343	0.049049663	0.007735107	0.005079627	0.004815409	0	0	0	0
0.118387909	0.09834191	0.080690738	0.066380449	0.125122669	0.095369519	0.139329406	0.092961877	0.079399142	0.020084136	0.017710049	0.017364658	0	0	0	0
0.446301809	0.448542024	0.450863422	0.454095112	0.463935231	0.453848513	0.438830992	0.383577713	0.392397302	0.165015606	0.174080176	0.182110025	0	0	0	0
0.140370964	0.110062893	0.08477237	0.064398943	0.14720314	0.105182459	0.166968736	0.112316716	0.09350092	0.028769168	0.021828666	0.016343207	0	0	0	0
0.142889856	0.106918239	0.076923077	0.052509908	0.149901865	0.101195952	0.159719076	0.101173021	0.07847946	0.036639978	0.02457441	0.01371662	0	0	0	0
0.160522098	0.119782733	0.085714286	0.058124174	0.168056919	0.112848819	0.1746715	0.113196481	0.087676272	0.050753155	0.033772652	0.015759521	0	0	0	0
0.17838333	0.132075472	0.094191523	0.063738441	0.185966634	0.124808341	0.190530131	0.129618768	0.101164929	0.069751662	0.045716639	0.019991245	0	0	0	0
0.196015571	0.144654088	0.102982732	0.069352708	0.203876349	0.136461208	0.207294971	0.149266862	0.11710607	0.091599946	0.061641955	0.025974026	0	0	0	0
1	1	1	1	1	1	1	1	1	0.46668476	0.465952773	0.423901941	0	0	0	0
0.38790932	0.337621498	0.29733124	0.265191546	0.394013739	0.329346826	0.396918894	0.364222874	0.330165543	0.201655584	0.166529379	0.11527798	0	0	0	0
0.245477444	0.179245283	0.126216641	0.084214003	0.253189401	0.168046611	0.257136384	0.225219941	0.179031269	0.141131768	0.095414607	0.038669196	0	0	0	0
0.259903824	0.189536878	0.133437991	0.089167768	0.267664377	0.177246243	0.271862256	0.252199413	0.201410178	0.146017099	0.0987095	0.039544725	0	0	0	0
0.272269292	0.198113208	0.139403454	0.093130779	0.279685967	0.184912603	0.285002266	0.277419355	0.222256284	0.144795766	0.09774849	0.038669196	0	0	0	0
0.28326082	0.205546026	0.14411303	0.096103038	0.290235525	0.191659	0.29632986	0.300293255	0.240956468	0.137196363	0.092257002	0.036334452	0	0	0	0
0.291962446	0.211549457	0.148194662	0.098745046	0.298577036	0.196565471	0.304712279	0.317888563	0.255977928	0.125797259	0.084157057	0.033999708	0	0	0	0
0.297687199	0.215551744	0.150706436	0.100396301	0.304219823	0.199938669	0.310602628	0.332258065	0.268240343	0.112498304	0.074958814	0.030643514	0	0	0	0
0.301122052	0.217838765	0.152590267	0.101717305	0.307654563	0.201778596	0.31445401	0.34340176	0.277743716	0.098927941	0.065760571	0.027871005	0	0	0	0
0.302953973	0.218696398	0.152904239	0.102047556	0.308635918	0.20208525	0.316039873	0.351319648	0.285407725	0.107341566	0.077704558	0.04392237	0	0	0	0
0.301580032	0.217838765	0.152276295	0.102047556	0.307163886	0.201165287	0.315586769	0.356891496	0.290619252	0.225810829	0.196183416	0.158032978	0	0	0	0
0.300664071	0.217838765	0.15321821	0.103698811	0.305937193	0.201165287	0.313094699	0.360117302	0.294604537	0.227032162	0.205381658	0.173354735	0	0	0	0
0.294252347	0.212978845	0.149764521	0.101056803	0.299313052	0.196872125	0.309016765	0.361290323	0.29675046	0.141674583	0.123146623	0.100393988	0	0	0	0
0.286695672	0.208118925	0.146624804	0.099075297	0.291707556	0.192578964	0.304259175	0.362170088	0.298589822	0.080607952	0.064799561	0.050051073	0	0	0	0
0.279367987	0.204402516	0.145054945	0.098414795	0.284838077	0.190125728	0.300181242	0.364809384	0.302881668	0.04532501	0.031987919	0.021742303	0	0	0	0
0.270895351	0.201543739	0.145054945	0.099405548	0.277968597	0.189819074	0.29632986	0.368035191	0.307786634	0.031890351	0.020181219	0.013424777	0	0	0	0
0.263338676	0.201257862	0.148508634	0.103698811	0.27232581	0.193192272	0.292931581	0.371847507	0.314530963	0.025512281	0.015101593	0.010360426	0	0	0	0
0.256926952	0.204688393	0.1566719	0.112615588	0.26889107	0.202391904	0.289533303	0.374486804	0.321275291	0.021576876	0.012218561	0.00875529	0	0	0	0
0.25303412	0.2135506	0.172056515	0.128797886	0.269136408	0.218337933	0.285455369	0.373020528	0.325873697	0.019948433	0.011394838	0.009193054	0	0	0	0
0.252576139	0.229845626	0.196232339	0.154887715	0.273797841	0.243483594	0.281830539	0.369501466	0.329858982	0.024426652	0.01619989	0.016051364	0	0	0	0
0.256010992	0.253859348	0.230455259	0.191875826	0.283120707	0.278135541	0.279338469	0.364516129	0.33599019	0.077486769	0.06727073	0.066540201	0	0	0	0
0.264025647	0.286163522	0.27566719	0.241743725	0.297350343	0.321680466	0.277752605	0.358357771	0.342734519	0.556113448	0.543520044	0.50196994	0	0	0	0
0.635218686	0.711263579	0.747880691	0.746036988	0.68155054	0.773382398	0.668781151	0.849266862	0.849478847	1	1	0.954326572	0	0	0	0
0.390428212	0.4757004	0.506750392	0.499009247	0.43498528	0.535418583	0.386270956	0.484164223	0.499386879	0.456099878	0.447693575	0.430176565	0	0	0	0
0.310281658	0.417095483	0.458084772	0.458388375	0.355004907	0.479300828	0.281830539	0.345747801	0.376456162	0.111819786	0.103239978	0.10447979	0	0	0	0
0.32814289	0.461978273	0.522135008	0.539299868	0.372914622	0.528058878	0.285002266	0.344868035	0.39055794	0.045867825	0.038852279	0.04494382	0	0	0	0
0.34371422	0.502001144	0.580533752	0.616908851	0.386898921	0.568230604	0.288173992	0.34516129	0.404966278	0.033518795	0.026908292	0.036042609	0	0	0	0
0.355392718	0.532304174	0.626373626	0.681638045	0.394995093	0.5958295	0.290666063	0.347214076	0.418454936	0.029040575	0.022926963	0.033124179	0	0	0	0
0.418822991	0.613779302	0.725588697	0.801849406	0.454857704	0.673719718	0.350249207	0.428445748	0.50797057	0.065951961	0.060818232	0.074274041	0	0	0	0
0.44767575	0.651515152	0.775196232	0.867239102	0.478410206	0.705611776	0.3794744	0.472434018	0.556100552	0.155380649	0.154859967	0.174522107	0	0	0	0
0.354476757	0.551457976	0.672213501	0.768824306	0.377576055	0.595216191	0.290666063	0.361876833	0.446045371	0.200705659	0.202635914	0.223551729	0	0	0	0
0.341424319	0.533447684	0.654631083	0.757595773	0.359175662	0.569150567	0.287041232	0.36744868	0.449110975	0.165015606	0.174766612	0.208229972	0	0	0	0
0.324021067	0.506861063	0.625745683	0.731175694	0.336604514	0.534191966	0.282057091	0.373020528	0.449417535	0.12172615	0.133717738	0.173062892	0	0	0	0
0.302724983	0.472841624	0.586185243	0.690554822	0.311334642	0.49340693	0.276166742	0.37888563	0.447884733	0.088478762	0.100631521	0.135415147	0	0	0	0
0.279138997	0.434819897	0.540659341	0.641677675	0.283856722	0.448942042	0.269370186	0.384750733	0.444512569	0.119554892	0.133443163	0.179629359	0	0	0	0
0.254637051	0.394511149	0.491365777	0.585865258	0.256378803	0.403250537	0.262800181	0.391202346	0.441140405	0.598724386	0.758786381	1	0	0	0	0
0.229677124	0.353344768	0.440816327	0.528401585	0.22939156	0.35817234	0.257136384	0.399120235	0.441446965	0.468856018	0.584568918	0.773675762	0	0	0	0
0.204946187	0.313036021	0.390894819	0.476221929	0.203385672	0.314320761	0.251925691	0.406744868	0.443592888	0.164065681	0.180944536	0.214066832	0	0	0	0
0.182276162	0.275871927	0.343799058	0.414795244	0.179587831	0.274762343	0.248074309	0.412609971	0.448191294	0.164879902	0.180669962	0.209835109	0	0	0	0
0.160751088	0.240137221	0.298587127	0.360964333	0.157262022	0.237350506	0.243769823	0.416422287	0.451256898	0.142760212	0.168314113	0.214650518	0	0	0	0
0.141973895	0.209262436	0.259654631	0.314398943	0.138125613	0.205151794	0.236067059	0.415249267	0.446045371	0.060116705	0.070153762	0.094265285	0	0	0	0
0.124112663	0.180388794	0.223233909	0.27014531	0.120215898	0.175099663	0.229043951	0.414369501	0.441446965	0.026462207	0.028418451	0.037501824	0	0	0	0
0.108312343	0.155231561	0.191208791	0.231505945	0.10451423	0.149340693	0.227458088	0.420527859	0.446965052	0.029719093	0.032125206	0.040128411	0	0	0	0
0.095030914	0.133790738	0.16389325	0.198150594	0.091265947	0.127568231	0.227004984	0.425219941	0.456161864	0.043289456	0.049148819	0.060995185	0	0	0	0
0.083352416	0.114922813	0.139717425	0.168758256	0.079735034	0.108862312	0.229043951	0.424046921	0.475475169	0.037589904	0.041323449	0.050196994	0	0	0	0
0.073276849	0.098627787	0.119309262	0.143989432	0.069430815	0.092609629	0.223606706	0.410557185	0.474248927	0.03107613	0.034047227	0.04100394	0	0	0	0
0.064346233	0.084619783	0.101412873	0.121862616	0.061089303	0.078810181	0.195967377	0.368914956	0.404659718	0.027140725	0.029379462	0.035313002	0	0	0	0
0.056560568	0.072898799	0.086342229	0.10336856	0.053729146	0.067463968	0.164703217	0.32228739	0.324034335	0.020626951	0.02114223	0.023931125	0	0	0	0
0.049919853	0.062607204	0.073155416	0.087186262	0.047350343	0.057344373	0.145899411	0.292668622	0.28142244	0.018319989	0.018259198	0.019845323	0	0	0	0
0.0441951	0.054030875	0.062480377	0.073976222	0.041952895	0.049064704	0.132079746	0.270381232	0.252912324	0.019948433	0.020043932	0.021742303	0	0	0	0
0.039386306	0.046883934	0.053375196	0.063077939	0.037291462	0.042011653	0.122564567	0.252785924	0.232066217	0.024290949	0.026633718	0.0312272	0	0	0	0
0.038241356	0.04373928	0.04866562	0.056142668	0.035083415	0.039558418	0.114182148	0.236656891	0.215511956	0.02361243	0.027457441	0.03414563	0	0	0	0
0.032745592	0.036306461	0.039874411	0.045904888	0.030912659	0.032198712	0.103534209	0.216715543	0.194665849	0.01384177	0.016474465	0.020720852	0	0	0	0
0.02953973	0.031446541	0.03422292	0.038969617	0.027723258	0.02790555	0.093339375	0.196774194	0.175352544	0.015470213	0.018533773	0.023493361	0	0	0	0
0.027249828	0.028301887	0.030141287	0.034015852	0.02576055	0.024839006	0.085410059	0.180645161	0.160944206	0.045053603	0.056287754	0.073544433	0	0	0	0
0.024730937	0.025157233	0.026059655	0.029062087	0.023552502	0.021772462	0.078386951	0.165102639	0.147148988	0.060930927	0.07660626	0.101853203	0	0	0	0
0.021983055	0.021726701	0.022291994	0.024438573	0.020853778	0.018705918	0.069777979	0.147507331	0.131514408	0.027819243	0.034459088	0.046548957	0	0	0	0
0.020151134	0.01943968	0.019466248	0.021136063	0.019136408	0.016559338	0.061848663	0.130791789	0.116492949	0.006649478	0.007825371	0.010360426	0	0	0	0
0.018548202	0.017438536	0.016954474	0.017833554	0.017664377	0.014719411	0.055958314	0.117888563	0.105150215	0.003256887	0.003706755	0.004377645	0	0	0	0
0.017632242	0.016009148	0.015384615	0.016182299	0.016683023	0.013492794	0.050974173	0.107331378	0.095646842	0.002849776	0.003157606	0.003793959	0	0	0	0
0.017174262	0.015437393	0.0144427	0.015191546	0.016437684	0.013186139	0.046669687	0.098533724	0.087676272	0.002849776	0.002883031	0.003356194	0	0	0	0
0.016716281	0.01457976	0.013500785	0.013870542	0.015947007	0.012266176	0.043044857	0.090615836	0.080931944	0.003256887	0.003294893	0.004085802	0	0	0	0
0.01557133	0.013436249	0.012244898	0.012219287	0.014965653	0.011346213	0.039646579	0.083577713	0.074494175	0.003256887	0.003294893	0.004085802	0	0	0	0
0.015800321	0.013436249	0.012244898	0.012219287	0.015210991	0.011652867	0.036701405	0.07771261	0.069282649	0.002849776	0.002745744	0.003064351	0	0	0	0
0.01465537	0.012292739	0.010989011	0.010898283	0.014474975	0.010732904	0.03488899	0.073607038	0.065603924	0.002306962	0.003294893	0.002480665	0	0	0	0
0.01557133	0.013150372	0.011930926	0.011558785	0.015210991	0.011959522	0.032850023	0.069501466	0.061925199	0.002849776	0.004393191	0.003064351	0	0	0	0
0.015800321	0.013436249	0.012244898	0.011889036	0.015701668	0.01257283	0.029904848	0.063049853	0.056100552	0.00298548	0.003569467	0.002772508	0	0	0	0
0.013968399	0.011435106	0.010361068	0.010237781	0.013493621	0.010119595	0.02650657	0.05542522	0.049356223	0.002306962	0.002196595	0.002188822	0	0	0	0
0.011907488	0.009433962	0.008791209	0.008586526	0.011530913	0.007973014	0.022428636	0.047214076	0.042305334	0.001628443	0.001647446	0.001459215	0	0	0	0
0.009846577	0.007718696	0.006593407	0.006274769	0.009813543	0.006439742	0.018350702	0.038709677	0.034334764	0.001221333	0.001235585	0.000729607	0	0	0	0
