0.1086	0.1053	0.0858	0.079	0.1167	0.0872	0.0726	0.0652	0.064424558	0.054	0.0482	0.0691	0.0829	0.053	0.0908	0.6
0.113995838	0.110212572	0.088021068	0.082592636	0.119613832	0.089617058	0.073335085	0.065321855	0.064600899	0.052512434	0.047445438	0.068960405	0.082738193	0.052487333	0.093088818	0.6
0.119685351	0.11539716	0.090376066	0.08630163	0.122798047	0.092113695	0.074063979	0.06542856	0.064894962	0.051056556	0.046701916	0.068853562	0.082594706	0.051958549	0.095405727	0.6
0.125616946	0.120825463	0.092940529	0.090154307	0.126375346	0.094691802	0.07476533	0.065524337	0.065372683	0.049834462	0.046075675	0.068826516	0.082532121	0.051456098	0.097708227	0.6
0.131739027	0.126469177	0.095789995	0.094177989	0.13046843	0.097353273	0.075417787	0.065613409	0.0661	0.049048244	0.045672956	0.068926314	0.082613025	0.051022431	0.099953818	0.6
0.138	0.1323	0.099	0.0984	0.1352	0.1001	0.076	0.0657	0.067098143	0.0489	0.0456	0.0692	0.0829	0.0507	0.1021	0.6
0.144374811	0.138313068	0.102624466	0.102853734	0.140650121	0.102939647	0.076504936	0.065791985	0.068209517	0.04951181	0.045914246	0.069677633	0.083431501	0.050517318	0.104129454	0.6
0.150944568	0.144597273	0.106630853	0.10759686	0.146728305	0.105902957	0.076982841	0.065911844	0.069231819	0.0506857	0.046477932	0.070321326	0.084149455	0.05044715	0.106125591	0.6
0.157816919	0.151264943	0.110965007	0.11269312	0.153301429	0.109026443	0.077498277	0.066085712	0.069962748	0.052143686	0.047104495	0.071076201	0.084971658	0.050448322	0.108197	0.6
0.165099514	0.158428409	0.115572774	0.118206254	0.160236369	0.11234662	0.078115809	0.066339719	0.0702	0.053607782	0.047607372	0.071887384	0.085815908	0.050479663	0.110452272	0.6
0.1729	0.1662	0.1204	0.1242	0.1674	0.1159	0.0789	0.0667	0.06982367	0.0548	0.0478	0.0727	0.0866	0.0505	0.113	0.6
0.181272119	0.174637555	0.125391469	0.130705229	0.174662486	0.119686754	0.07988997	0.067177405	0.069043432	0.055506728	0.047559178	0.073465061	0.087258203	0.050477795	0.115901364	0.6
0.190053978	0.183580948	0.130487723	0.137621328	0.181907134	0.123561679	0.081023059	0.067721662	0.068151361	0.055771842	0.047015155	0.074157136	0.087790675	0.050420052	0.11902791	0.6
0.199029778	0.192815564	0.135628242	0.144814812	0.189020539	0.127343226	0.082211163	0.068267217	0.067439526	0.055703593	0.046361543	0.07475668	0.088214046	0.050343412	0.122203774	0.6
0.207983719	0.202126787	0.140752508	0.152152197	0.195889296	0.130849849	0.083366178	0.068748514	0.0672	0.055410229	0.045791954	0.075244149	0.088544944	0.050264515	0.125253092	0.6
0.2167	0.2113	0.1458	0.1595	0.2024	0.1339	0.0844	0.0691	0.067630379	0.055	0.0455	0.0756	0.0888	0.0502	0.128	0.6
0.225000713	0.220152713	0.150724858	0.16674055	0.208472737	0.136369336	0.085238385	0.069278394	0.068550353	0.054564479	0.045626643	0.075822921	0.088986886	0.050159503	0.130307488	0.6
0.232859519	0.228630934	0.155539855	0.173819428	0.21416156	0.138362328	0.085862525	0.069329506	0.069685138	0.054128531	0.046102249	0.075984531	0.089077444	0.050124641	0.132193968	0.6
0.240287968	0.236712799	0.160272423	0.180698033	0.219554015	0.140040652	0.086267472	0.069321422	0.070759949	0.053700343	0.046804533	0.076174681	0.089034559	0.050070028	0.133716703	0.6
0.247297611	0.244376443	0.164949994	0.187337758	0.224737647	0.141565984	0.08644828	0.069322225	0.0715	0.053288103	0.047611211	0.07648322	0.088821116	0.049970277	0.134932958	0.6
0.2539	0.2516	0.1696	0.1937	0.2298	0.1431	0.0864	0.0694	0.071710016	0.0529	0.0484	0.077	0.0884	0.0498	0.1359	0.6
0.260085027	0.258363595	0.174240299	0.199758173	0.234794567	0.144764703	0.086135692	0.06960342	0.071512756	0.052548156	0.04906145	0.077772853	0.087761453	0.049548993	0.136665482	0.6
0.265755946	0.264655316	0.178850457	0.205533758	0.239638625	0.14652341	0.085740443	0.069903514	0.071110488	0.052260435	0.049537451	0.078681538	0.087005149	0.049267782	0.137238619	0.6
0.270794352	0.270465238	0.183400465	0.211060258	0.2442154	0.148299766	0.085317348	0.070251897	0.07070548	0.052068635	0.049782726	0.079563797	0.086258119	0.049022074	0.137619015	0.6
0.275081838	0.275783441	0.187860315	0.216371172	0.248408117	0.150017414	0.084969502	0.070600187	0.0705	0.052004558	0.049752001	0.080257371	0.085647392	0.048877578	0.137806274	0.6
0.2785	0.2806	0.1922	0.2215	0.2521	0.1516	0.0848	0.0709	0.070641558	0.0521	0.0494	0.0806	0.0853	0.0489	0.1378	0.6
0.280985578	0.284907307	0.196381945	0.22645076	0.255210597	0.152988652	0.084878849	0.071108725	0.071058624	0.052370898	0.048716357	0.080475267	0.085301701	0.049126924	0.137611383	0.6
0.282695897	0.288707004	0.200338317	0.231109538	0.25780474	0.154194432	0.085143705	0.071206838	0.071624912	0.052769731	0.047830348	0.079950115	0.085573159	0.04948343	0.137297955	0.6
0.283843426	0.292003047	0.203993717	0.235332935	0.259983586	0.155245886	0.085499137	0.071180589	0.072214133	0.053233115	0.046906161	0.07913733	0.085993767	0.049866474	0.136928837	0.6
0.284640637	0.294799394	0.207272744	0.238977555	0.261848287	0.15617156	0.085849712	0.071016227	0.0727	0.053697666	0.046107983	0.078149696	0.086442916	0.050173012	0.136573145	0.6
0.2853	0.2971	0.2101	0.2419	0.2635	0.157	0.0861	0.0707	0.072987754	0.0541	0.0456	0.0771	0.0868	0.0503	0.1363	0.6
0.28598866	0.298931978	0.212424719	0.244021987	0.265024646	0.15776069	0.086181712	0.07024008	0.073108748	0.054391452	0.045497123	0.076095681	0.086967744	0.050180912	0.136160187	0.6
0.286692467	0.30041507	0.214294673	0.245525691	0.266447213	0.158486863	0.086135137	0.069732333	0.073125865	0.054582241	0.045717156	0.075222803	0.086942216	0.049895298	0.136131159	0.6
0.287351943	0.301692172	0.215782268	0.246658402	0.267777458	0.159212691	0.086027705	0.069294545	0.073101988	0.054697303	0.046128628	0.074562084	0.086742815	0.049559229	0.136172038	0.6
0.287907613	0.302906183	0.216959908	0.247667408	0.269025135	0.159972346	0.085926849	0.069044505	0.0731	0.054761577	0.046600067	0.074194243	0.086388942	0.049288773	0.136241945	0.6
0.2883	0.3042	0.2179	0.2488	0.2702	0.1608	0.0859	0.0691	0.073173828	0.0548	0.047	0.0742	0.0859	0.0492	0.1363	0.6
0.28847178	0.30568158	0.218688778	0.250266092	0.27131562	0.16171179	0.085995102	0.069527753	0.073341585	0.054826492	0.047228752	0.07461161	0.085300922	0.049373429	0.136308671	0.6
0.288374236	0.307319118	0.219467789	0.252126098	0.272400806	0.162651717	0.086182148	0.07019023	0.073612428	0.054810905	0.047313827	0.075267475	0.084638779	0.049747377	0.136243809	0.6
0.287960802	0.309045865	0.220392412	0.254403058	0.273488183	0.16354575	0.086411644	0.07089883	0.073995513	0.054712071	0.047314527	0.075957536	0.083966175	0.05022461	0.136084611	0.6
0.287184912	0.310795075	0.221618023	0.257120012	0.274610373	0.164319855	0.086634092	0.071464953	0.0745	0.054488825	0.047290151	0.076471731	0.083335714	0.050707895	0.135810276	0.6
0.286	0.3125	0.2233	0.2603	0.2758	0.1649	0.0868	0.0717	0.075117733	0.0541	0.0473	0.0766	0.0828	0.0511	0.1354	0.6
0.284389818	0.3140961	0.22553857	0.263915246	0.277085675	0.165256151	0.086874679	0.071478506	0.075771312	0.053543379	0.047392669	0.07620588	0.082399767	0.051324573	0.13484593	0.6
0.282459389	0.315527659	0.228213369	0.267734717	0.278479962	0.165534268	0.086882669	0.070927548	0.076366024	0.05297254	0.047573934	0.075447297	0.082128269	0.051388795	0.134192006	0.6
0.28034405	0.316741168	0.231148883	0.271476565	0.279991411	0.16592431	0.086863321	0.070237336	0.076807158	0.052580012	0.047838864	0.074555774	0.081966886	0.051320731	0.133495117	0.6
0.27817914	0.317683118	0.234169598	0.274858942	0.281628573	0.166616234	0.086855982	0.069598083	0.077	0.052558323	0.04818253	0.073762834	0.081897003	0.051148445	0.132812152	0.6
0.2761	0.3183	0.2371	0.2776	0.2834	0.1678	0.0869	0.0692	0.076887239	0.0531	0.0486	0.0733	0.0819	0.0509	0.1322	0.6
0.274207346	0.31857802	0.239809741	0.279537724	0.285304879	0.169591605	0.087026183	0.069181422	0.076561167	0.054308793	0.04907417	0.07333287	0.081956008	0.050604279	0.13169321	0.6
0.27246341	0.318662247	0.242349133	0.280989433	0.287304946	0.171811209	0.087231174	0.06947318	0.076151474	0.055933335	0.049539236	0.073763337	0.082040146	0.050293442	0.131236968	0.6
0.2707958	0.318737464	0.244813655	0.28239228	0.289352574	0.174205011	0.087503072	0.069954226	0.075787855	0.05763348	0.049917216	0.074427369	0.08212628	0.050000464	0.130754122	0.6
0.269132127	0.318988453	0.247298784	0.284183418	0.291400134	0.176519208	0.087829981	0.070503515	0.0756	0.059069084	0.050130131	0.075160934	0.082188276	0.049758324	0.130167517	0.6
0.2674	0.3196	0.2499	0.2868	0.2934	0.1785	0.0882	0.071	0.07568131	0.0599	0.0501	0.0758	0.0822	0.0496	0.1294	0.6
0.265537597	0.320689419	0.252708067	0.290544259	0.295330008	0.179960627	0.088601389	0.071348605	0.075980022	0.05989665	0.049784249	0.07622024	0.082145	0.04954391	0.128406031	0.6
0.263525373	0.322104153	0.255794899	0.295178752	0.297269853	0.180982494	0.089023036	0.071558134	0.076408078	0.059271722	0.049281922	0.076456155	0.082045547	0.049550238	0.127266521	0.6
0.26135435	0.323624178	0.259227698	0.300331115	0.299324694	0.181714048	0.089453989	0.07166336	0.076877422	0.058348468	0.048727472	0.076581949	0.081933594	0.049564612	0.126093996	0.6
0.259015552	0.325029469	0.263073664	0.305628985	0.30159969	0.182303734	0.089883295	0.071699058	0.0773	0.057450143	0.048255347	0.076671829	0.081841094	0.049532657	0.125000981	0.6
0.2565	0.3261	0.2674	0.3107	0.3042	0.1829	0.0903	0.0717	0.077611519	0.0569	0.048	0.0768	0.0818	0.0494	0.1241	0.6
0.253808664	0.326668304	0.272244392	0.31526204	0.307185488	0.183638686	0.090697862	0.071699357	0.077842747	0.056938206	0.048050435	0.077015768	0.081831993	0.049133682	0.123459467	0.6
0.250982298	0.32677714	0.277526472	0.31939396	0.310434841	0.184605214	0.091089483	0.071723884	0.078048215	0.057472579	0.048313874	0.077268843	0.081917667	0.048786406	0.122971347	0.6
0.248071599	0.326521824	0.283136355	0.32326486	0.313781449	0.185872398	0.091492171	0.071798732	0.078282455	0.058327848	0.048652097	0.077484034	0.082027345	0.048432288	0.122483494	0.6
0.245127267	0.325997672	0.288964159	0.327043841	0.317058705	0.187513055	0.09192324	0.071949054	0.0786	0.059328745	0.04892688	0.077586149	0.082131348	0.048145447	0.12184376	0.6
0.2422	0.3253	0.2949	0.3309	0.3201	0.1896	0.0924	0.0722	0.079043013	0.0603	0.049	0.0775	0.0822	0.048	0.1209	0.6
0.239328545	0.324498164	0.300840764	0.334956382	0.322794439	0.192157428	0.092931961	0.072559567	0.079604191	0.061112125	0.048775613	0.077180686	0.082211028	0.048043762	0.119559301	0.6
0.236503835	0.323557685	0.306710414	0.339151809	0.325253983	0.195015051	0.093497434	0.072967131	0.080263863	0.061818763	0.04832738	0.076704473	0.082171785	0.048219339	0.117965689	0.6
0.233704854	0.322418124	0.312439682	0.343379044	0.327646308	0.19795396	0.094066925	0.07334491	0.081002356	0.062519338	0.047771341	0.076177917	0.082097027	0.048443036	0.116322428	0.6
0.230910581	0.321019042	0.3179593	0.347530852	0.330139089	0.200755246	0.094610944	0.073615127	0.0818	0.063313276	0.047223534	0.075707573	0.082001513	0.048631155	0.114832777	0.6
0.2281	0.3193	0.3232	0.3515	0.3329	0.2032	0.0951	0.0737	0.082638028	0.0643	0.0468	0.0754	0.0819	0.0487	0.1137	0.6
0.225259557	0.317227039	0.328098152	0.355201231	0.336052756	0.205146002	0.095514292	0.073557574	0.083501288	0.065535694	0.046588715	0.075331887	0.081798294	0.048585669	0.11305693	0.6
0.222405561	0.314872119	0.332612672	0.358637206	0.339545226	0.206757782	0.095872783	0.073289194	0.084375535	0.06690357	0.046565407	0.075460466	0.081666395	0.048303437	0.112754695	0.6
0.219561787	0.312333679	0.336708117	0.361832566	0.343281318	0.208276562	0.096204128	0.073032026	0.085246521	0.068243599	0.046677741	0.0757131	0.081465348	0.047888369	0.112573995	0.6
0.216752008	0.30971016	0.340349041	0.36481195	0.34716494	0.209943562	0.096536982	0.072923239	0.0861	0.069395752	0.046873384	0.076017157	0.081156201	0.047375534	0.11229553	0.6
0.214	0.3071	0.3435	0.3676	0.3511	0.212	0.0969	0.0731	0.086930476	0.0702	0.0471	0.0763	0.0807	0.0468	0.1117	0.6
0.211317228	0.304588879	0.34615063	0.370240294	0.355024136	0.214629766	0.097322872	0.073656535	0.087767456	0.0705611	0.047319128	0.076500565	0.080088594	0.04619756	0.110633779	0.6
0.208665921	0.302211439	0.348390897	0.372852168	0.359009912	0.21778742	0.097839436	0.074515294	0.088649199	0.070642958	0.047547794	0.076604065	0.079437037	0.045606914	0.109205931	0.6
0.205996	0.299989558	0.350335849	0.375573894	0.363163619	0.221370191	0.098484563	0.075555786	0.089613961	0.070674266	0.047816896	0.076607282	0.078891182	0.045067488	0.107591193	0.6
0.203257386	0.297945118	0.352100534	0.378543747	0.367591551	0.225275308	0.099293127	0.076657519	0.0907	0.070883716	0.048157332	0.076507	0.078596885	0.044618708	0.105964304	0.6
0.2004	0.2961	0.3538	0.3819	0.3724	0.2294	0.1003	0.0777	0.091936068	0.0715	0.0486	0.0763	0.0787	0.0443	0.1045	0.6
0.197396332	0.294449443	0.355508129	0.385727192	0.377669898	0.233674936	0.101530219	0.078598686	0.093312886	0.072680705	0.049161973	0.075996253	0.079289728	0.044134491	0.103331954	0.6
0.194309155	0.292882126	0.35713414	0.389894922	0.383380727	0.238164539	0.102969474	0.079412829	0.094811671	0.074298997	0.049805018	0.075658475	0.080228658	0.044080108	0.102429581	0.6
0.191223812	0.291260088	0.358546086	0.394219057	0.389486607	0.242966675	0.10459362	0.080237629	0.096413637	0.076156936	0.050477076	0.075362571	0.081322724	0.04407848	0.101721232	0.6
0.188225646	0.289445366	0.359612022	0.398515461	0.395941658	0.248179207	0.10637851	0.081168285	0.0981	0.078056583	0.05112609	0.075184444	0.082377859	0.044071235	0.101135254	0.6
0.1854	0.2873	0.3602	0.4026	0.4027	0.2539	0.1083	0.0823	0.099848453	0.0798	0.0517	0.0752	0.0832	0.044	0.1006	0.6
0.182803844	0.284734948	0.360224055	0.406332539	0.409693872	0.260173692	0.110343452	0.083707121	0.1016226	0.08124328	0.052148981	0.075464024	0.083641292	0.043822877	0.100050404	0.6
0.180380658	0.281856856	0.359782144	0.409748943	0.416767981	0.266832023	0.112532268	0.08538059	0.103382519	0.082458655	0.052432135	0.075946836	0.083738731	0.043563854	0.099447743	0.6
0.178045551	0.27882129	0.359018206	0.412929077	0.423745155	0.273653508	0.114899358	0.087290499	0.105088293	0.08357239	0.052510799	0.076597635	0.083575524	0.043263392	0.098759881	0.6
0.175713629	0.275783816	0.358076178	0.415952808	0.430448219	0.280416662	0.117477631	0.089406939	0.1067	0.08471075	0.052346309	0.077365622	0.083234878	0.042961954	0.097954679	0.6
0.1733	0.2729	0.3571	0.4189	0.4367	0.2869	0.1203	0.0917	0.108203719	0.086	0.0519	0.0782	0.0828	0.0427	0.097	0.6
0.170745092	0.270271563	0.356188452	0.421821853	0.442383416	0.292959096	0.123391972	0.094151231	0.109689516	0.087540574	0.051163705	0.07904365	0.082345103	0.042507602	0.09587923	0.6
0.168090612	0.267784848	0.355259684	0.424654907	0.447621749	0.298757768	0.126749454	0.09678801	0.111273453	0.089329582	0.050251242	0.079814183	0.081908418	0.042373277	0.094637846	0.6
0.165403586	0.265272351	0.354186691	0.427307033	0.452598374	0.304536891	0.13036095	0.099649174	0.113071593	0.091338303	0.049306927	0.080422891	0.081519182	0.04227515	0.093336846	0.6
0.162751039	0.262566569	0.352842465	0.429686107	0.457496666	0.310537343	0.134214964	0.102773558	0.1152	0.093538016	0.048475075	0.080781066	0.08120663	0.042191349	0.092037231	0.6
0.1602	0.2595	0.3511	0.4317	0.4625	0.317	0.1383	0.1062	0.11773107	0.0959	0.0479	0.0808	0.081	0.0421	0.0908	0.6
0.157806187	0.255957998	0.348868539	0.433282448	0.467739666	0.324104323	0.142617458	0.109961556	0.120562538	0.098392824	0.047689799	0.080431776	0.080923096	0.041984314	0.089671075	0.6
0.155580094	0.252037352	0.34620232	0.43447063	0.473138624	0.331784105	0.147220315	0.11406817	0.12354847	0.100974218	0.047807695	0.079791633	0.080977997	0.041847839	0.088636073	0.6
0.153520907	0.247887706	0.343191831	0.435327589	0.478567748	0.339911727	0.152174443	0.118524006	0.126542935	0.103599199	0.048180691	0.079035603	0.081161349	0.041699206	0.087665534	0.6
0.151627814	0.243658707	0.339927562	0.435916365	0.483897915	0.348359566	0.157545714	0.123333228	0.1294	0.106222787	0.048735792	0.078319715	0.081469801	0.041547049	0.086729996	0.6
0.1499	0.2395	0.3365	0.4363	0.489	0.357	0.1634	0.1285	0.132009599	0.1088	0.0494	0.0778	0.0819	0.0414	0.0858	0.6
0.14831816	0.235516443	0.332979794	0.436527555	0.49376032	0.365711614	0.169775795	0.134028144	0.134405133	0.111304929	0.050105098	0.077594047	0.082431314	0.041264742	0.084850069	0.6
0.146789013	0.231633744	0.329358238	0.436592171	0.498126956	0.374397811	0.176602085	0.139920109	0.136655866	0.113787948	0.050801977	0.077665684	0.082973996	0.041140169	0.083870661	0.6
0.145200786	0.227732824	0.325606784	0.43647301	0.502063433	0.382968201	0.183780478	0.146178002	0.138831067	0.116318503	0.051446307	0.077940298	0.083421021	0.041023224	0.082856219	0.6
0.143441706	0.223694602	0.321696887	0.436149233	0.505533273	0.391332394	0.19121258	0.15280393	0.141	0.118966038	0.051993758	0.078343274	0.083665364	0.040910853	0.081801184	0.6
0.1414	0.2194	0.3176	0.4356	0.5085	0.3994	0.1988	0.1598	0.143223333	0.1218	0.0524	0.0788	0.0836	0.0408	0.0807	0.6
0.139009974	0.214769829	0.313305885	0.434812132	0.510955855	0.407100423	0.20646016	0.167159469	0.145527332	0.124878659	0.05263621	0.079245635	0.08316045	0.040686317	0.07955425	0.6
0.136390255	0.209884471	0.30887753	0.433803084	0.513007951	0.414442252	0.214173743	0.174840195	0.147929665	0.12821559	0.052735597	0.07965443	0.082452421	0.040560287	0.078394083	0.6
0.133705548	0.204864198	0.304396233	0.43259797	0.514792119	0.421453869	0.221937246	0.182791187	0.150447998	0.131813191	0.052746879	0.080010407	0.081624167	0.040411097	0.077256792	0.6
0.131120561	0.199829283	0.299943291	0.431221904	0.516444192	0.428163657	0.229747166	0.190961452	0.1531	0.135673861	0.052718775	0.080297589	0.080823942	0.040227939	0.076179667	0.6
0.1288	0.1949	0.2956	0.4297	0.5181	0.4346	0.2376	0.1993	0.15590667	0.1398	0.0527	0.0805	0.0802	0.04	0.0752	0.6
0.126856344	0.19017384	0.291418267	0.428050317	0.519840261	0.440773893	0.245509163	0.20777798	0.15890234	0.144178833	0.052733264	0.080611412	0.079868487	0.039727589	0.074343333	0.6
0.125193169	0.185657172	0.287332442	0.426262694	0.52152524	0.446626782	0.253555742	0.216455111	0.162124675	0.148736892	0.052837235	0.080664597	0.079817121	0.039455485	0.073588207	0.6
0.123661821	0.181333584	0.283247483	0.424319911	0.522960089	0.452082724	0.261837738	0.225413251	0.16561134	0.153385534	0.053024575	0.080702076	0.080001512	0.039239587	0.072901415	0.6
0.122113649	0.177186664	0.279068349	0.422204752	0.523949958	0.457065778	0.270453157	0.234734261	0.1694	0.158036117	0.053307943	0.08076637	0.080377268	0.039135792	0.072249749	0.6
0.1204	0.1732	0.2747	0.4199	0.5243	0.4615	0.2795	0.2445	0.173509988	0.1626	0.0537	0.0809	0.0809	0.0392	0.0716	0.6
0.118422248	0.16936441	0.270078646	0.417395399	0.5238815	0.465324804	0.289019186	0.25474861	0.177887309	0.167042808	0.054213136	0.081143116	0.081522401	0.039460928	0.070931619	0.6
0.116281871	0.16569964	0.265265501	0.414708542	0.522830287	0.46854102	0.29882329	0.265343362	0.182459637	0.171547243	0.054858662	0.081526382	0.082185494	0.039838573	0.070274689	0.6
0.114130368	0.162232664	0.260353035	0.411863986	0.521348324	0.471164834	0.3086678	0.276103808	0.187154642	0.176350274	0.055647621	0.08207809	0.082827387	0.040225755	0.069671948	0.6
0.112119244	0.158990459	0.255433712	0.408886286	0.519637574	0.473212432	0.318308207	0.286849503	0.1919	0.181688869	0.056591053	0.082826532	0.083386187	0.040515291	0.069166139	0.6
0.1104	0.156	0.2506	0.4058	0.5179	0.4747	0.3275	0.2974	0.196654977	0.1878	0.0577	0.0838	0.0838	0.0406	0.0688	0.6
0.109081062	0.153270918	0.245919951	0.402618489	0.516277737	0.475652492	0.336070093	0.30761718	0.201505223	0.194856334	0.058974193	0.085020123	0.08402831	0.040409501	0.06859419	0.6
0.108098549	0.150743467	0.241363952	0.399310339	0.51467361	0.476129938	0.3441311	0.317532243	0.206567979	0.202773336	0.060368116	0.086481874	0.084116103	0.040020622	0.068481038	0.6
0.107345506	0.148340558	0.236877979	0.395832946	0.512930614	0.476201139	0.351867061	0.327218715	0.211960491	0.211402172	0.061824942	0.088173564	0.08412974	0.039546992	0.068370791	0.6
0.106714975	0.145985099	0.232408004	0.392143702	0.510891745	0.475934893	0.359462014	0.336750125	0.2178	0.220594005	0.063287846	0.090083502	0.084135585	0.039102242	0.068173696	0.6
0.1061	0.1436	0.2279	0.3882	0.5084	0.4754	0.3671	0.3462	0.224189303	0.2302	0.0647	0.0922	0.0842	0.0388	0.0678	0.6
0.105411905	0.141123917	0.223320752	0.383981847	0.50535235	0.474649229	0.374890043	0.355598669	0.2311734	0.240100656	0.066042093	0.094508393	0.08437956	0.038723469	0.067190021	0.6
0.104635133	0.13855849	0.218720289	0.379559701	0.501861673	0.473671227	0.382641111	0.364803668	0.238782847	0.250293812	0.067444876	0.096982122	0.084691696	0.038834139	0.066404359	0.6
0.103772409	0.135921105	0.21416945	0.375026631	0.49809482	0.47243861	0.390087157	0.373629331	0.247048195	0.260806639	0.069076611	0.099591655	0.085144051	0.039063076	0.065533687	0.6
0.102826456	0.133229146	0.209739074	0.370475707	0.494218645	0.470923995	0.396962136	0.381889997	0.256	0.271666311	0.071105564	0.102307459	0.085744272	0.039341341	0.064668677	0.6
0.1018	0.1305	0.2055	0.366	0.4904	0.4691	0.403	0.3894	0.265659812	0.2829	0.0737	0.1051	0.0865	0.0396	0.0639	0.6
0.10070572	0.127755013	0.20148344	0.361654922	0.486755261	0.466948993	0.408004936	0.396044143	0.276013176	0.294533841	0.077006233	0.107970305	0.087403851	0.039782224	0.063292928	0.6
0.09959612	0.125031371	0.19756209	0.357345258	0.483198899	0.464492355	0.412062057	0.401989087	0.287036634	0.306589818	0.081082782	0.111041636	0.088388315	0.03987962	0.062811126	0.6
0.09853366	0.122370223	0.193569021	0.352938132	0.479594906	0.461761221	0.41532671	0.40747196	0.298706727	0.319088873	0.085966214	0.114467815	0.089370854	0.039895905	0.062392861	0.6
0.0975808	0.119812717	0.189337301	0.34830067	0.475807275	0.458786725	0.417954242	0.412729889	0.311	0.332051952	0.091693097	0.118402663	0.090268928	0.039834793	0.061976397	0.6
0.0968	0.1174	0.1847	0.3433	0.4717	0.4556	0.4201	0.418	0.323876249	0.3455	0.0983	0.123	0.091	0.0397	0.0615	0.6
0.096225216	0.115161632	0.179567089	0.337856063	0.467177804	0.452228399	0.421892615	0.423443159	0.337228296	0.359424778	0.105773773	0.128339987	0.091503438	0.039503635	0.060922269	0.6
0.095776387	0.113080825	0.174156149	0.332100069	0.462308331	0.448684152	0.423353862	0.428915184	0.350932219	0.373701318	0.113902396	0.134208132	0.091806245	0.039291379	0.060283137	0.6
0.095344951	0.111129202	0.168761666	0.326216043	0.457199956	0.444975704	0.424478802	0.434195629	0.364864095	0.388175469	0.122424133	0.140316284	0.091957334	0.039117306	0.05964287	0.6
0.094822343	0.109278385	0.163678121	0.320388011	0.451961054	0.441111505	0.425262494	0.439064049	0.3789	0.40269308	0.131077247	0.146376291	0.092005615	0.039035488	0.059061736	0.6
0.0941	0.1075	0.1592	0.3148	0.4467	0.4371	0.4257	0.4433	0.392957591	0.4171	0.1396	0.1521	0.092	0.0391	0.0586	0.6
0.093104617	0.105768858	0.155522605	0.309572825	0.441499923	0.432951809	0.425780604	0.446743219	0.407120839	0.431282246	0.147809075	0.157256949	0.091979998	0.039340835	0.058293197	0.6
0.091903931	0.104072529	0.152444512	0.304574467	0.436342977	0.428686238	0.425470494	0.449474177	0.42151529	0.44528651	0.155834833	0.161847435	0.091947504	0.039691662	0.058077927	0.6
0.090600935	0.10240177	0.149665117	0.299609697	0.431186069	0.424324761	0.424730082	0.451633524	0.436266494	0.45919965	0.163886053	0.165929447	0.091895012	0.040062073	0.057866059	0.6
0.089298627	0.100747341	0.146883814	0.294483284	0.425986107	0.419888857	0.42351978	0.453361915	0.4515	0.473108527	0.172171516	0.169560973	0.091815013	0.040361655	0.057569461	0.6
0.0881	0.0991	0.1438	0.289	0.4207	0.4154	0.4218	0.4548	0.467254985	0.4871	0.1809	0.1728	0.0917	0.0405	0.0571	0.6
0.087083515	0.097465336	0.140201692	0.283035835	0.415297703	0.410885963	0.419569767	0.456071963	0.483225149	0.501193437	0.190196326	0.175697019	0.09155337	0.040417026	0.056398544	0.6
0.08622949	0.095908261	0.136231403	0.276751662	0.409801362	0.406399698	0.41698256	0.45723611	0.499017821	0.515138242	0.199849472	0.178272527	0.091422137	0.040173972	0.055521955	0.6
0.085493707	0.094508518	0.132120268	0.27037957	0.40424617	0.402000451	0.414230469	0.458334274	0.514240328	0.528616329	0.209564454	0.180539527	0.091364219	0.039862404	0.054556093	0.6
0.08483195	0.09334585	0.128099422	0.264151652	0.398667318	0.397747469	0.411505585	0.459408292	0.5285	0.541309611	0.219046291	0.182511017	0.091437534	0.039573891	0.053586822	0.6
0.0842	0.0925	0.1244	0.2583	0.3931	0.3937	0.409	0.4605	0.541507267	0.5529	0.228	0.1842	0.0917	0.0394	0.0527	0.6
0.083560523	0.092016999	0.121186626	0.252986233	0.387568463	0.389877938	0.406835526	0.461627327	0.553384964	0.563168006	0.23621042	0.185626176	0.092188122	0.039405461	0.051971828	0.6
0.08290371	0.091808028	0.118357875	0.248090086	0.382053174	0.386143771	0.404852865	0.462712585	0.564359028	0.572288521	0.243781681	0.186836055	0.092852748	0.039547651	0.051439854	0.6
0.082226636	0.091750558	0.115745812	0.243420822	0.376523653	0.382320636	0.402822441	0.463654179	0.574655394	0.580535033	0.25089773	0.187882845	0.093623313	0.039757111	0.051131967	0.6
0.081526375	0.091722059	0.113182499	0.238787706	0.370949422	0.378231667	0.400514678	0.464350516	0.5845	0.58818103	0.25774252	0.188819757	0.094429252	0.039964381	0.051076053	0.6
0.0808	0.0916	0.1105	0.234	0.3653	0.3737	0.3977	0.4647	0.594048747	0.5955	0.2645	0.1897	0.0952	0.0401	0.0513	0.6
0.080054394	0.091296269	0.107582204	0.228919233	0.359556443	0.368610284	0.394220129	0.464640327	0.603177395	0.602710539	0.271297192	0.190572675	0.095882942	0.040113131	0.051800545	0.6
0.07933567	0.090860426	0.104520296	0.223615995	0.353745941	0.363093216	0.390201979	0.46426635	0.611691669	0.609811674	0.278033406	0.191470452	0.096497271	0.040027424	0.052449828	0.6
0.078699749	0.090376448	0.101457286	0.21821314	0.347907217	0.357341007	0.385843766	0.463712209	0.619397296	0.616747539	0.284551024	0.192421891	0.097080128	0.039885152	0.053088839	0.6
0.078202552	0.089928314	0.098536184	0.212833523	0.342078996	0.351545865	0.381343702	0.463112045	0.6261	0.62346227	0.290692428	0.193455554	0.097668657	0.039728586	0.053558566	0.6
0.0779	0.0896	0.0959	0.2076	0.3363	0.3459	0.3769	0.4626	0.631669746	0.6299	0.2963	0.1946	0.0983	0.0396	0.0537	0.6
0.077823501	0.089451525	0.093652559	0.202603235	0.330599364	0.340544925	0.372658359	0.462264963	0.636233457	0.635998638	0.301291211	0.195889522	0.099012908	0.039531615	0.053412391	0.6
0.077906409	0.089447068	0.091740942	0.197805135	0.324967862	0.335419363	0.368554417	0.462014815	0.639982295	0.641671184	0.305883894	0.197381336	0.099852568	0.039515452	0.052828032	0.6
0.078057567	0.089526848	0.090073046	0.193135418	0.319386678	0.330411338	0.364471295	0.461712186	0.643107422	0.64682441	0.310370972	0.199138389	0.100865774	0.039533482	0.052137478	0.6
0.078185817	0.089631086	0.088556766	0.1885238	0.313836996	0.325408875	0.360292115	0.461219704	0.6458	0.651365091	0.315045366	0.201223628	0.10209932	0.039567674	0.051531282	0.6
0.0782	0.0897	0.0871	0.1839	0.3083	0.3203	0.3559	0.4604	0.648213068	0.6552	0.3202	0.2037	0.1036	0.0396	0.0512	0.6
0.078040403	0.089688832	0.085622761	0.179219027	0.302762101	0.315011614	0.351214434	0.459160621	0.650347176	0.658280509	0.326056363	0.206635636	0.105400624	0.039615609	0.051275491	0.6
0.077773093	0.089612904	0.084093537	0.174537065	0.297230612	0.309626131	0.346300353	0.45758879	0.65216475	0.660736392	0.332550216	0.210119403	0.107478056	0.039612368	0.051654844	0.6
0.077495582	0.08950256	0.082492932	0.169935589	0.291718073	0.304264841	0.341259054	0.455816649	0.653628216	0.66274202	0.339545888	0.214245352	0.109795176	0.039591322	0.05217645	0.6
0.07730538	0.089388144	0.080801551	0.165496075	0.286237022	0.299049034	0.336191837	0.453976338	0.6547	0.664471765	0.346907706	0.219107534	0.112314865	0.039553517	0.052678705	0.6
0.0773	0.0893	0.079	0.1613	0.2808	0.2941	0.3312	0.4522	0.65535558	0.6661	0.3545	0.2248	0.115	0.0395	0.053	0.6
0.077543687	0.089258749	0.077089996	0.157401456	0.275412232	0.289490217	0.326355105	0.450583753	0.655622638	0.667772125	0.362217737	0.231404734	0.117841397	0.039438749	0.053022443	0.6
0.077967618	0.089246118	0.075157711	0.153745006	0.27004969	0.285096911	0.321609773	0.449079625	0.655541906	0.669517649	0.370078441	0.238955451	0.120941608	0.039405477	0.052802993	0.6
0.078469706	0.089234113	0.073310427	0.150247827	0.264681032	0.280748497	0.316886888	0.44760362	0.655154116	0.671337111	0.378130277	0.247473802	0.124431121	0.039442831	0.052442321	0.6
0.078947863	0.089194739	0.071655429	0.146827099	0.259274916	0.276273389	0.312109336	0.446071743	0.6545	0.673231049	0.386421409	0.256981435	0.128440422	0.039593456	0.0520411	0.6
0.0793	0.0891	0.0703	0.1434	0.2538	0.2715	0.3072	0.4444	0.65360941	0.6752	0.395	0.2675	0.1331	0.0399	0.0517	0.6
0.079451251	0.088921774	0.069298853	0.139891948	0.248238571	0.266313118	0.302100346	0.442513167	0.652468671	0.677220592	0.40384549	0.27899183	0.138491389	0.040378995	0.051493136	0.6
0.079435635	0.088631424	0.068496419	0.136261312	0.242627428	0.260823024	0.296826156	0.440371111	0.651053227	0.679173812	0.412662419	0.291181993	0.144500312	0.040942524	0.051388384	0.6
0.079314393	0.088200188	0.067684559	0.132474703	0.237017	0.255196371	0.291411793	0.437942472	0.649338522	0.680916736	0.421086604	0.303736241	0.150963541	0.041476555	0.051327065	0.6
0.079148768	0.087599301	0.066655132	0.128498729	0.231457715	0.249599811	0.28589162	0.435195888	0.6473	0.68230644	0.428753859	0.316320326	0.157717847	0.041867058	0.051250497	0.6
0.079	0.0868	0.0652	0.1243	0.226	0.2442	0.2803	0.4321	0.644942779	0.6832	0.4353	0.3286	0.1646	0.042	0.0511	0.6
0.078918511	0.085798957	0.063200992	0.119889954	0.220697485	0.239119709	0.274677113	0.428660379	0.642390677	0.683533506	0.440514703	0.340367147	0.171541048	0.041810869	0.050845015	0.6
0.078911443	0.084694586	0.060899813	0.115459346	0.215616597	0.234306192	0.269086405	0.425030331	0.639797185	0.683559102	0.444803081	0.351918178	0.178849143	0.041433226	0.050567471	0.6
0.07897512	0.083610736	0.058628138	0.111243761	0.210826968	0.22966282	0.263597141	0.421400093	0.637315795	0.683607944	0.448724108	0.363675636	0.186926714	0.041050148	0.050377419	0.6
0.079105865	0.082671257	0.056717643	0.107478784	0.206398226	0.225092965	0.258278585	0.417959903	0.6351	0.684011191	0.452836757	0.376062062	0.19617619	0.040844713	0.050384912	0.6
0.0793	0.082	0.0555	0.1044	0.2024	0.2205	0.2532	0.4149	0.633237874	0.6851	0.4577	0.3895	0.207	0.041	0.0507	0.6
0.079549906	0.081687999	0.05519878	0.102165038	0.198863491	0.215820044	0.248410404	0.412346117	0.631555822	0.687077384	0.463693298	0.404237181	0.21961322	0.041641527	0.051386006	0.6
0.079832192	0.081695034	0.055605129	0.100619705	0.195666182	0.211120207	0.243877825	0.410165966	0.629814834	0.689633782	0.470478055	0.419822094	0.233481517	0.042664572	0.052319333	0.6
0.080119525	0.081948069	0.056402088	0.099531854	0.192647128	0.206500349	0.239550044	0.408162758	0.627775897	0.692331487	0.477536163	0.435628417	0.247883203	0.043906854	0.053329658	0.6
0.080384572	0.082374069	0.057272698	0.098669335	0.189645382	0.202060327	0.235374842	0.406139699	0.6252	0.694732795	0.484349515	0.451029826	0.262096593	0.045206091	0.054246655	0.6
0.0806	0.0829	0.0579	0.0978	0.1865	0.1979	0.2313	0.4039	0.621932126	0.6964	0.4904	0.4654	0.2754	0.0464	0.0549	0.6
0.080742666	0.083460247	0.058046289	0.096737894	0.183103752	0.194080916	0.227275671	0.401289555	0.618153235	0.697040958	0.495300906	0.478264128	0.287270872	0.047365422	0.055180563	0.6
0.080806189	0.08401888	0.057790871	0.095481833	0.179564274	0.19051138	0.223261495	0.398325005	0.614128281	0.696945772	0.499191099	0.489753445	0.297983191	0.048135685	0.055223997	0.6
0.080788379	0.084547389	0.05729231	0.094076825	0.176042921	0.187061386	0.219219483	0.395065677	0.610122218	0.696550108	0.502340838	0.500150698	0.308010074	0.048783236	0.055227149	0.6
0.080687046	0.085017266	0.056709166	0.092567877	0.172701045	0.183600928	0.215111648	0.3915709	0.6064	0.696289629	0.505020385	0.509738634	0.317824638	0.049380525	0.055386867	0.6
0.0805	0.0854	0.0562	0.091	0.1697	0.18	0.2109	0.3879	0.603155222	0.6966	0.5075	0.5188	0.3279	0.05	0.0559	0.6
0.080233831	0.085683813	0.055879266	0.089412985	0.167151103	0.176173892	0.206568512	0.384115664	0.600296038	0.697791584	0.509993478	0.527562308	0.338574494	0.050702383	0.056899743	0.6
0.079930253	0.085923846	0.055684985	0.087825763	0.164965522	0.172219073	0.202188996	0.380294015	0.597659244	0.699673529	0.512488751	0.536032127	0.349647321	0.051501488	0.058264681	0.6
0.079639759	0.086191974	0.055511071	0.086252048	0.163004389	0.168277309	0.197855223	0.376514534	0.595081633	0.701929682	0.514917285	0.544160793	0.360782902	0.052399402	0.059809747	0.6
0.079412843	0.086560067	0.055251439	0.084705556	0.161128838	0.164490363	0.193660967	0.372856702	0.5924	0.704243891	0.517210546	0.551899639	0.371645655	0.05339821	0.061349876	0.6
0.0793	0.0871	0.0548	0.0832	0.1592	0.161	0.1897	0.3694	0.589482186	0.7063	0.5193	0.5592	0.3819	0.0545	0.0627	0.6
0.07933641	0.087862102	0.054096648	0.081751766	0.157113438	0.157894716	0.186031081	0.366181388	0.586320211	0.707851907	0.521141182	0.566041041	0.391311954	0.055709844	0.063736467	0.6
0.079496001	0.088810535	0.053265188	0.080387916	0.15490244	0.155049927	0.182572923	0.363067735	0.582937144	0.708933712	0.522785898	0.572513246	0.400053926	0.057044762	0.064581281	0.6
0.079737387	0.089887916	0.052475404	0.079138183	0.152634722	0.15228778	0.179209224	0.359883388	0.579356052	0.709649563	0.524310023	0.578734931	0.40839992	0.058524757	0.065417862	0.6
0.080019182	0.091036865	0.05189708	0.0780323	0.150378003	0.149430422	0.175823683	0.356452694	0.5756	0.710103609	0.525789432	0.58482441	0.416623943	0.060169835	0.066429629	0.6
0.0803	0.0922	0.0517	0.0771	0.1482	0.1463	0.1723	0.3526	0.571691235	0.7104	0.5273	0.5909	0.425	0.062	0.0678	0.6
0.080548528	0.093332578	0.051990143	0.076359952	0.146155944	0.142783244	0.168555963	0.348213184	0.567648716	0.710629587	0.528900995	0.59702953	0.433724089	0.064031839	0.06966879	0.6
0.080773744	0.094440415	0.052618263	0.075786573	0.144251119	0.139025219	0.164645713	0.343434246	0.563490579	0.710830024	0.530585258	0.60307889	0.442680176	0.066268265	0.072001394	0.6
0.080994695	0.095541961	0.053371313	0.075343219	0.142478322	0.135235571	0.160657482	0.338468716	0.559234961	0.711025667	0.532329024	0.608863485	0.451674219	0.068708771	0.074719604	0.6
0.08123043	0.096655672	0.054036242	0.074993243	0.14083035	0.131623949	0.156679501	0.333522124	0.5549	0.711240874	0.534108526	0.61419872	0.460512174	0.071352851	0.077745209	0.6
0.0815	0.0978	0.0544	0.0747	0.1393	0.1284	0.1528	0.3288	0.550484874	0.7115	0.5359	0.6189	0.469	0.0742	0.081	0.6
0.081823876	0.098985984	0.054310782	0.074425227	0.137867585	0.125707508	0.149087468	0.324445875	0.545912925	0.711828946	0.537670838	0.62284564	0.477002088	0.077267599	0.084425173	0.6
0.082228224	0.100195007	0.053861758	0.074124191	0.136463484	0.123426799	0.145531424	0.320355281	0.54108854	0.712259793	0.539353069	0.626165595	0.484616568	0.080644579	0.088039541	0.6
0.082740635	0.101401038	0.053207344	0.073750541	0.135005589	0.121372336	0.142101647	0.316361749	0.535916104	0.712826168	0.540869881	0.62905273	0.492000005	0.08443776	0.091881323	0.6
0.083388697	0.102578046	0.052501953	0.073257927	0.133411797	0.119358582	0.138767913	0.312298812	0.5303	0.713561694	0.542144462	0.63169991	0.49930896	0.088753961	0.095988736	0.6
0.0842	0.1037	0.0519	0.0726	0.1316	0.1172	0.1355	0.308	0.524208471	0.7145	0.5431	0.6343	0.5067	0.0937	0.1004	0.6
0.085198368	0.104743485	0.05152513	0.071754341	0.129530515	0.114765125	0.132271766	0.303344915	0.517865183	0.715643429	0.543695653	0.63700711	0.514281158	0.099352965	0.105140919	0.6
0.086392559	0.105695557	0.051377903	0.070794265	0.127333347	0.112138787	0.12907339	0.29839743	0.511557659	0.716869203	0.544034465	0.63982033	0.52196635	0.105671018	0.110187642	0.6
0.087787566	0.106545885	0.051428112	0.069817018	0.12518092	0.109459885	0.125899131	0.293267488	0.505573424	0.718023262	0.544255451	0.642699996	0.529620963	0.112582588	0.115503906	0.6
0.089388382	0.107284143	0.051645547	0.068919847	0.123245663	0.106867322	0.122743248	0.28806503	0.5002	0.718951548	0.544497624	0.64560644	0.537110384	0.120016105	0.121053446	0.6
0.0912	0.1079	0.052	0.0682	0.1217	0.1045	0.1196	0.2829	0.495618844	0.7195	0.5449	0.6485	0.5443	0.1279	0.1268	0.6
0.093226654	0.108386474	0.052455899	0.067726209	0.120655154	0.102460791	0.116472667	0.277863265	0.491587144	0.719571738	0.545562549	0.651335519	0.551063681	0.136199741	0.132725553	0.6
0.095469541	0.108749966	0.052956228	0.067453151	0.11997753	0.100708455	0.113400614	0.272969399	0.487756022	0.719298595	0.546429069	0.654045883	0.557309233	0.14502895	0.138885092	0.6
0.097929102	0.10900022	0.053438607	0.067306989	0.119472329	0.099165724	0.110432228	0.2682139	0.4837766	0.718869583	0.547404315	0.656558488	0.562952944	0.154538289	0.145351854	0.6
0.100605775	0.109146983	0.053840658	0.067213884	0.118944752	0.097755328	0.107615895	0.263592268	0.4793	0.718473714	0.54839304	0.658800728	0.567911103	0.164878419	0.152199078	0.6
0.1035	0.1092	0.0541	0.0671	0.1182	0.0964	0.105	0.2591	0.474092955	0.7183	0.5493	0.6607	0.5721	0.1762	0.1595	0.6
0.106611818	0.109172218	0.054175273	0.066910422	0.117097668	0.095042911	0.102619166	0.254735624	0.468384643	0.71848482	0.550056551	0.662202013	0.575504118	0.188590472	0.167294471	0.6
0.109939677	0.109089381	0.054109183	0.066665931	0.115714932	0.093708993	0.100452952	0.250509773	0.462519854	0.718954019	0.550700458	0.663325737	0.57838072	0.201884382	0.175488792	0.6
0.113481627	0.108980436	0.053965458	0.066406228	0.114183362	0.09244362	0.098467156	0.246436111	0.456843376	0.719580807	0.55129609	0.664108454	0.581055262	0.215853056	0.183955877	0.6
0.117235718	0.108874327	0.053807822	0.066171017	0.112634528	0.091292165	0.096627573	0.242528299	0.4517	0.720238397	0.551907814	0.664587447	0.583853203	0.23026782	0.192568642	0.6
0.1212	0.1088	0.0537	0.066	0.1112	0.0903	0.0949	0.2388	0.447338137	0.7208	0.5526	0.6648	0.5871	0.2449	0.2012	0.6
0.125383674	0.108769455	0.05369261	0.065921701	0.109985373	0.089496366	0.093250671	0.23526064	0.443620684	0.721179382	0.553409649	0.664801227	0.591007847	0.259583173	0.209762965	0.6
0.12984055	0.10872691	0.053783838	0.065919926	0.108992342	0.088845972	0.091647577	0.231902708	0.440314164	0.721452531	0.5542643	0.66471757	0.595335889	0.274399923	0.218330942	0.6
0.134635588	0.108599638	0.053958761	0.0659673	0.108196623	0.088297395	0.090059147	0.228714455	0.437185096	0.721735989	0.555064127	0.664693298	0.599730007	0.289495087	0.227017437	0.6
0.139833751	0.10831491	0.054202456	0.066036449	0.107573937	0.087799212	0.088453812	0.225684135	0.434	0.722146298	0.555709302	0.664872684	0.603836084	0.305013501	0.235935955	0.6
0.1455	0.1078	0.0545	0.0661	0.1071	0.0873	0.0868	0.2228	0.430588099	0.7228	0.5561	0.6654	0.6073	0.3211	0.2452	0.6
0.151662286	0.107009161	0.054834286	0.066135572	0.106748838	0.086761226	0.085090151	0.220056216	0.42702942	0.723762451	0.556172054	0.666369877	0.609859693	0.337818437	0.254880071	0.6
0.158200524	0.106004577	0.055179463	0.066140765	0.106487701	0.086195919	0.083412741	0.217470597	0.423466691	0.724894257	0.556003942	0.667678385	0.611621324	0.354908725	0.26487464	0.6
0.164957619	0.104875413	0.055507498	0.066118171	0.106282145	0.08563	0.081880255	0.21506687	0.420042642	0.726004837	0.555709803	0.669171955	0.612783108	0.372029795	0.275039173	0.6
0.171776476	0.103710832	0.055790355	0.066070385	0.106097726	0.085089387	0.08060518	0.212868762	0.4169	0.726903612	0.555403776	0.670697016	0.613543261	0.388840577	0.285229138	0.6
0.1785	0.1026	0.056	0.066	0.1059	0.0846	0.0797	0.2109	0.414146268	0.7274	0.5552	0.6721	0.6141	0.405	0.2953	0.6
0.185015182	0.101617099	0.056116647	0.06590881	0.105661674	0.08418033	0.079226326	0.209168097	0.411748037	0.727366814	0.555193335	0.673247266	0.614621379	0.42025028	0.305147953	0.6
0.191385355	0.10077638	0.056153508	0.065795414	0.105384054	0.083819151	0.07904226	0.207615706	0.409636672	0.726930442	0.555401531	0.674084891	0.615154815	0.434666776	0.314832099	0.6
0.197717937	0.100077112	0.056132046	0.065657614	0.105075598	0.083497807	0.078955033	0.206169267	0.407743538	0.726280662	0.55582306	0.674578884	0.61571756	0.448408132	0.324452269	0.6
0.204120346	0.099518562	0.056073723	0.065493209	0.104744761	0.083197642	0.07877187	0.204755218	0.406	0.725607255	0.556456392	0.674695251	0.61632687	0.461632991	0.334108293	0.6
0.2107	0.0991	0.056	0.0653	0.1044	0.0829	0.0783	0.2033	0.404351631	0.7251	0.5573	0.6744	0.617	0.4745	0.3439	0.6
0.217532185	0.098824042	0.055931927	0.065080388	0.104044466	0.082591053	0.077413347	0.201757797	0.402800834	0.724914291	0.558331405	0.673713061	0.617751589	0.487123643	0.353882518	0.6
0.224563656	0.098706702	0.055888904	0.064855178	0.103660082	0.082276276	0.076252618	0.200193779	0.401364222	0.725067976	0.559444332	0.672870051	0.618585817	0.499441771	0.363932164	0.6
0.231709034	0.098767341	0.055889918	0.064649773	0.103223465	0.081965974	0.075025215	0.198700863	0.400058406	0.725544515	0.560511557	0.672160511	0.619504252	0.511348079	0.373880551	0.6
0.238882942	0.099025319	0.055953954	0.064489579	0.102711232	0.081670447	0.073938541	0.197371964	0.3989	0.72632737	0.561405854	0.671873981	0.620508457	0.522736257	0.383559292	0.6
0.246	0.0995	0.0561	0.0644	0.1021	0.0814	0.0732	0.1963	0.39789441	0.7274	0.562	0.6723	0.6216	0.5335	0.3928	0.6
0.252985677	0.100198731	0.056339643	0.064401637	0.101385263	0.081162658	0.072950687	0.195542316	0.397002228	0.72872642	0.562204244	0.673614891	0.622770665	0.543559949	0.401490773	0.6
0.259808821	0.101080812	0.056654874	0.064495875	0.100638019	0.080957343	0.073066469	0.195013978	0.396172841	0.730192853	0.562078739	0.675542104	0.623973116	0.552944538	0.409745644	0.6
0.266449126	0.102093526	0.057020283	0.064679294	0.099948143	0.080780699	0.073356908	0.194594482	0.395355636	0.731666077	0.561721112	0.677691871	0.625150234	0.561709154	0.417735128	0.6
0.272886288	0.103184161	0.057410462	0.064948475	0.099405512	0.080629369	0.073631565	0.194163324	0.3945	0.733012867	0.56122899	0.679674426	0.626244901	0.56990918	0.425629741	0.6
0.2791	0.1043	0.0578	0.0653	0.0991	0.0805	0.0737	0.1936	0.393561928	0.7341	0.5607	0.6811	0.6272	0.5776	0.4336	0.6
0.285080308	0.105401832	0.058161499	0.065720264	0.099087283	0.080391114	0.073424706	0.19281694	0.392523853	0.734832829	0.560223618	0.681682576	0.62796495	0.584829363	0.441750388	0.6
0.290858661	0.106504451	0.058459599	0.066154924	0.099286243	0.080308751	0.072879906	0.19185831	0.391374813	0.73527101	0.559856711	0.681551134	0.62851532	0.591614475	0.44992126	0.6
0.29647686	0.107636155	0.058656949	0.066539452	0.099581561	0.080260832	0.072192752	0.19080121	0.390103848	0.735512777	0.559647995	0.680938404	0.628833214	0.597964905	0.457886938	0.6
0.301976706	0.108825239	0.058716199	0.06680932	0.09985792	0.080255275	0.071490399	0.18972274	0.3887	0.735656363	0.559646186	0.680077116	0.628900739	0.603890223	0.465421744	0.6
0.3074	0.1101	0.0586	0.0669	0.1	0.0803	0.0709	0.1887	0.387161876	0.7358	0.5599	0.6792	0.6287	0.6094	0.4723	0.6
0.312773893	0.111488341	0.058296761	0.066775708	0.099919204	0.080391286	0.070518488	0.187790723	0.385526361	0.736011865	0.560430085	0.678497205	0.628249534	0.614511399	0.478381274	0.6
0.318066937	0.113016583	0.057897931	0.066515631	0.099633808	0.080478851	0.070321907	0.186975181	0.383839908	0.736239905	0.561144818	0.677988559	0.627713605	0.619271963	0.483866116	0.6
0.323233034	0.114710656	0.057520722	0.0662277	0.099188811	0.080500773	0.070256083	0.186214277	0.38214897	0.736402014	0.561924508	0.677651311	0.627292909	0.623736827	0.489040321	0.6
0.328226088	0.116596485	0.057282341	0.066019846	0.098629209	0.08039513	0.07026684	0.185468915	0.3805	0.736416082	0.562649466	0.677462709	0.627188142	0.627961127	0.494189684	0.6
0.333	0.1187	0.0573	0.066	0.098	0.0801	0.0703	0.1847	0.378936167	0.7362	0.5632	0.6774	0.6276	0.632	0.4996	0.6
0.337526521	0.121028805	0.057649858	0.066237705	0.097353502	0.079585342	0.070306943	0.183878566	0.377487504	0.735724512	0.563498443	0.677451804	0.628654514	0.63589384	0.505455714	0.6
0.341848793	0.123517215	0.058243876	0.066648954	0.096771324	0.078948644	0.070261264	0.183016166	0.376180756	0.735171768	0.563635219	0.677652228	0.63017906	0.639624074	0.511535874	0.6
0.346027804	0.126081223	0.058952965	0.067111349	0.096342394	0.078319274	0.070142114	0.182134483	0.375042672	0.734776767	0.563742772	0.67804675	0.631926349	0.643157388	0.517518177	0.6
0.350124543	0.12863682	0.059648036	0.067502497	0.096155643	0.077826603	0.069928643	0.1812552	0.3741	0.734774511	0.563953551	0.678680848	0.633649092	0.646460468	0.52308032	0.6
0.3542	0.1311	0.0602	0.0677	0.0963	0.0776	0.0696	0.1804	0.373353454	0.7354	0.5644	0.6796	0.6351	0.6495	0.5279	0.6
0.358300022	0.133418039	0.060512608	0.067623871	0.096821188	0.077726546	0.069149741	0.179585412	0.372699625	0.736792486	0.565160143	0.680813978	0.636084409	0.652262042	0.531760668	0.6
0.362409893	0.135663356	0.060620966	0.067363755	0.097592097	0.078124175	0.068629036	0.178807354	0.372009068	0.738708223	0.566094308	0.682189728	0.636618155	0.654810143	0.534868786	0.6
0.366499752	0.137939653	0.06059302	0.067051703	0.098442413	0.07866853	0.06810346	0.17805659	0.37115234	0.740807718	0.567008402	0.683558489	0.636769695	0.657227222	0.53753657	0.6
0.37053974	0.140350633	0.060496716	0.066819767	0.099201819	0.079235256	0.06763859	0.177323884	0.37	0.742751475	0.567708331	0.6847515	0.63660749	0.659596201	0.540076236	0.6
0.3745	0.143	0.0604	0.0668	0.0997	0.0797	0.0673	0.1766	0.368484415	0.7442	0.568	0.6856	0.6362	0.662	0.5428	0.6
0.378350189	0.145950238	0.060357311	0.067082809	0.099823347	0.079970073	0.067136495	0.175880585	0.366785198	0.744907144	0.567764986	0.685987483	0.635631049	0.664496392	0.545940014	0.6
0.382058037	0.149098961	0.060369062	0.067592026	0.099685087	0.080079458	0.067129794	0.175180816	0.365143773	0.74500014	0.56718755	0.686006459	0.635045922	0.667042556	0.549408182	0.6
0.38559079	0.152302565	0.060422156	0.068209839	0.099455153	0.080093807	0.067244845	0.174520756	0.363801566	0.744699563	0.566527619	0.685801694	0.634605271	0.669570524	0.553036342	0.6
0.388915695	0.155417446	0.060503501	0.068818434	0.09930348	0.080078771	0.067446598	0.173920463	0.363	0.744225991	0.566045126	0.685517952	0.634469746	0.672012328	0.556656335	0.6
0.392	0.1583	0.0606	0.0693	0.0994	0.0801	0.0677	0.1734	0.362888087	0.7438	0.566	0.6853	0.6348	0.6743	0.5601	0.6
0.394831222	0.160856209	0.060696547	0.069562492	0.099855823	0.080206762	0.067967481	0.172974649	0.363245185	0.743593336	0.566567912	0.685261691	0.635698597	0.676383591	0.563237675	0.6
0.397477961	0.163190401	0.060769988	0.069616941	0.100546754	0.080382792	0.06820139	0.17264058	0.36375824	0.743582418	0.567587494	0.685393236	0.637035758	0.678285233	0.566093688	0.6
0.40002909	0.165456488	0.060795155	0.069500143	0.101289774	0.080595441	0.068351559	0.172389187	0.364114196	0.743694831	0.56881312	0.685653936	0.638623622	0.680045081	0.568730863	0.6
0.402573479	0.167808383	0.060746881	0.069248896	0.101901862	0.08081206	0.068367819	0.172211863	0.364	0.743858163	0.569999165	0.686003091	0.640274324	0.681703285	0.571212025	0.6
0.4052	0.1704	0.0606	0.0689	0.1022	0.081	0.0682	0.1721	0.363211238	0.744	0.5709	0.6864	0.6418	0.6833	0.5736	0.6
0.407964924	0.173323324	0.060345299	0.068495222	0.102064561	0.081138878	0.067827183	0.172043221	0.361978063	0.74406191	0.571323367	0.686805753	0.643035365	0.684857245	0.575936485	0.6
0.410794119	0.176422635	0.060037387	0.068096212	0.101629496	0.081257373	0.067345446	0.172024064	0.360639269	0.744041389	0.571290475	0.687188596	0.643905444	0.68632451	0.578178668	0.6
0.413580851	0.179480283	0.059746824	0.067769591	0.101092151	0.081396429	0.066880118	0.172023297	0.35953365	0.743949912	0.570875899	0.687518562	0.644357841	0.687633153	0.580262608	0.6
0.416218389	0.182278621	0.059544175	0.06758198	0.100649871	0.08159699	0.066556526	0.172021686	0.359	0.743798957	0.570154215	0.687765685	0.644340159	0.688714531	0.582124365	0.6
0.4186	0.1846	0.0595	0.0676	0.1005	0.0819	0.0665	0.172	0.359281361	0.7436	0.5692	0.6879	0.6438	0.6895	0.5837	0.6
0.420660283	0.186300093	0.059659055	0.067860621	0.100786733	0.082340125	0.066791788	0.171950867	0.360237764	0.743379823	0.56810502	0.687904096	0.642735943	0.689967429	0.584957184	0.6
0.422499164	0.187527859	0.059962865	0.068282212	0.101441661	0.082926915	0.067336826	0.171914364	0.361633486	0.743226427	0.567029807	0.68781078	0.641350464	0.690280725	0.585990041	0.6
0.424257905	0.188505579	0.060327147	0.068753493	0.102343221	0.083663642	0.067995969	0.171942426	0.363232805	0.74324312	0.566152084	0.687665417	0.639897014	0.690650307	0.586924306	0.6
0.426077764	0.189455532	0.06066762	0.069163182	0.103369855	0.08455358	0.068630075	0.172086993	0.3648	0.743533209	0.565649574	0.687513369	0.638629042	0.691286592	0.587885713	0.6
0.4281	0.1906	0.0609	0.0694	0.1044	0.0856	0.0691	0.1724	0.366144917	0.7442	0.5657	0.6874	0.6378	0.6924	0.589	0.6
0.430412346	0.192091504	0.06096408	0.069389495	0.105327706	0.086790223	0.069309665	0.17291251	0.367259681	0.745283599	0.566410153	0.687355464	0.637598462	0.69412504	0.590349978	0.6
0.432888424	0.193803529	0.060895953	0.06920454	0.106109461	0.088047768	0.069335251	0.173572081	0.368181987	0.746571303	0.567603098	0.687349084	0.637953499	0.69629259	0.591846768	0.6
0.435348329	0.195539803	0.060755786	0.068954837	0.106717363	0.089280201	0.069296005	0.174305398	0.368949529	0.747787207	0.569030966	0.687334971	0.638729305	0.69865762	0.59335857	0.6
0.437612156	0.197104051	0.060603746	0.06875009	0.10712351	0.09039509	0.069311173	0.175039143	0.3696	0.748655408	0.570445889	0.687267239	0.639790074	0.7009751	0.594753581	0.6
0.4395	0.1983	0.0605	0.0687	0.1073	0.0913	0.0695	0.1757	0.370178971	0.7489	0.5716	0.6871	0.641	0.703	0.5959	0.6
0.440887933	0.198981092	0.060483823	0.068875798	0.107244043	0.091930982	0.069942352	0.176236694	0.370763511	0.748344182	0.572310366	0.686812447	0.642235008	0.704546012	0.596706105	0.6
0.441875939	0.199199624	0.060510922	0.069194828	0.107053296	0.092338012	0.070560569	0.176686112	0.371438566	0.747207563	0.572653801	0.686484085	0.64341794	0.705661716	0.597240486	0.6
0.442619978	0.199057611	0.060516108	0.069535957	0.106850527	0.092599552	0.07123761	0.177107183	0.37228908	0.745808852	0.572772052	0.6862195	0.644483368	0.706454414	0.597611816	0.6
0.443276012	0.198657065	0.060434196	0.069778058	0.106758505	0.092794061	0.071856434	0.177558836	0.3734	0.744466761	0.572806869	0.686123277	0.645365864	0.707031408	0.597928763	0.6
0.444	0.1981	0.0602	0.0698	0.1069	0.093	0.0723	0.1781	0.374824	0.7435	0.5729	0.6863	0.646	0.7075	0.5983	0.6
0.444912721	0.197486529	0.059776626	0.069524911	0.107356923	0.09328665	0.072490527	0.178779115	0.376484676	0.743151672	0.573150781	0.686806749	0.646335906	0.707961312	0.598808004	0.6
0.445994219	0.196909173	0.059240361	0.06905295	0.108047757	0.093686583	0.072507272	0.179602671	0.378273351	0.743362447	0.573488899	0.687510576	0.646385942	0.708491746	0.599430487	0.6
0.447189357	0.196458552	0.058695781	0.068528533	0.10885013	0.09422319	0.072468754	0.180566669	0.380081351	0.743997385	0.573801626	0.688231029	0.646178024	0.709161524	0.600118967	0.6
0.448442997	0.196225288	0.058247468	0.068096078	0.109641669	0.094919865	0.072493491	0.181667112	0.3818	0.744921549	0.573976235	0.688787655	0.645740071	0.710040868	0.600824965	0.6
0.4497	0.1963	0.058	0.0679	0.1103	0.0958	0.0727	0.1829	0.383345829	0.746	0.5739	0.689	0.6451	0.7112	0.6015	0.6
0.450916384	0.196739991	0.058020071	0.068035758	0.110727467	0.096869617	0.073167541	0.184251647	0.384736187	0.747120329	0.573504908	0.688749359	0.644312568	0.71266954	0.602117079	0.6
0.452092784	0.197469283	0.058222836	0.068402973	0.110925277	0.098065256	0.073818342	0.185669605	0.386013631	0.748260251	0.572901804	0.688164011	0.643539893	0.7143217	0.602735167	0.6
0.453240993	0.198378579	0.058485566	0.06885231	0.110919354	0.099306086	0.074535373	0.187091741	0.387220717	0.749420007	0.572246245	0.687433984	0.642970935	0.71598909	0.603434714	0.6
0.454372801	0.199358584	0.058685531	0.069234431	0.11073562	0.100511278	0.075201602	0.188455917	0.3884	0.750599842	0.571693791	0.686749305	0.642794651	0.71750432	0.604296175	0.6
0.4555	0.2003	0.0587	0.0694	0.1104	0.1016	0.0757	0.1897	0.389588686	0.7518	0.5714	0.6863	0.6432	0.7187	0.6054	0.6
0.456632144	0.201115908	0.05845109	0.069245658	0.109946809	0.102506882	0.075954509	0.190785499	0.390802576	0.75299581	0.571479186	0.686236617	0.644298623	0.719467727	0.606795679	0.6
0.457769843	0.201808896	0.058040295	0.068851956	0.109443935	0.103228393	0.076052959	0.191768509	0.392052124	0.754062951	0.571880687	0.68655178	0.645892886	0.719935053	0.608408846	0.6
0.45891147	0.20240393	0.057613955	0.068345426	0.108967656	0.103776464	0.076124155	0.192728769	0.393347781	0.754852186	0.572512594	0.687198635	0.647707838	0.720288514	0.610134175	0.6
0.460055398	0.202925976	0.05731841	0.067852597	0.108594251	0.104163023	0.076296901	0.193746019	0.3947	0.755214281	0.573283001	0.688130326	0.649468526	0.720714651	0.611866335	0.6
0.4612	0.2034	0.0573	0.0675	0.1084	0.1044	0.0767	0.1949	0.396106629	0.755	0.5741	0.6893	0.6509	0.7214	0.6135	0.6
0.46233904	0.203852378	0.05765797	0.067376812	0.108432495	0.104506856	0.077416825	0.196240757	0.397515108	0.75413643	0.574885547	0.690644175	0.651792941	0.72247635	0.614957806	0.6
0.463447844	0.204315134	0.058303186	0.067422801	0.108624583	0.104533171	0.078349022	0.197699561	0.398860272	0.752855946	0.575617049	0.69203287	0.652200563	0.723856489	0.616274248	0.6
0.464497127	0.2048217	0.059099416	0.067540385	0.108880423	0.104536059	0.079352807	0.199177985	0.400076957	0.751467248	0.576285778	0.693319477	0.652241715	0.725398452	0.617511787	0.6
0.465457607	0.205405511	0.059910431	0.067631979	0.109104175	0.104572631	0.080284394	0.200577606	0.4011	0.750279033	0.576883004	0.69435739	0.652035245	0.726960277	0.618732884	0.6
0.4663	0.2061	0.0606	0.0676	0.1092	0.1047	0.081	0.2018	0.401887998	0.7496	0.5774	0.695	0.6517	0.7284	0.62	0.6
0.467018896	0.206935379	0.061062629	0.067379096	0.10909601	0.104955296	0.081399792	0.202773072	0.402494592	0.749660071	0.577833027	0.695156283	0.651348014	0.729606871	0.621371499	0.6
0.467704382	0.207928969	0.061315763	0.067032839	0.108816134	0.105295723	0.081559753	0.203530049	0.402997189	0.750374065	0.578198318	0.69495754	0.651064061	0.730594992	0.622889363	0.6
0.468470421	0.209094869	0.061407582	0.066657035	0.108408253	0.105658501	0.081599818	0.204130491	0.40347319	0.751578023	0.578517095	0.694590656	0.650926101	0.731409677	0.624591477	0.6
0.469430973	0.21044718	0.061386268	0.066347487	0.107920248	0.105980853	0.081639922	0.204633955	0.404	0.753107988	0.578810581	0.694242515	0.651012094	0.732096242	0.626515728	0.6
0.4707	0.212	0.0613	0.0662	0.1074	0.1062	0.0818	0.2051	0.404631781	0.7548	0.5791	0.6941	0.6514	0.7327	0.6287	0.6
0.472332576	0.213746907	0.061198714	0.066285206	0.106894664	0.10626636	0.082160806	0.205573356	0.405329722	0.756497685	0.579397544	0.694292294	0.652136604	0.733258565	0.631147398	0.6
0.474148227	0.215599392	0.061139364	0.066573042	0.106448481	0.106183139	0.082646365	0.206039442	0.406031774	0.758074993	0.57967928	0.694717769	0.653143993	0.733778744	0.6337219	0.6
0.475907589	0.217448423	0.061180656	0.067008277	0.106104966	0.105966737	0.083141521	0.20646885	0.406675884	0.759413459	0.579912244	0.695217098	0.65431308	0.73425964	0.636252704	0.6
0.477371301	0.219184969	0.061381299	0.067535674	0.105907634	0.105633557	0.083531118	0.206832173	0.4072	0.760394617	0.580063472	0.695630951	0.655534778	0.734700357	0.638569004	0.6
0.4783	0.2207	0.0618	0.0681	0.1059	0.1052	0.0837	0.2071	0.40754728	0.7609	0.5801	0.6958	0.6567	0.7351	0.6405	0.6
0.478544399	0.221920993	0.062463314	0.068654482	0.106109335	0.104688863	0.083572985	0.207247905	0.407681718	0.76085799	0.580012797	0.695625743	0.657714371	0.735465267	0.641922109	0.6
0.47831551	0.222921465	0.063269183	0.069186191	0.106497942	0.104148523	0.083234788	0.207271382	0.407572515	0.760384363	0.579888564	0.695252984	0.658542367	0.735833233	0.642900636	0.6
0.477914422	0.22381144	0.064083394	0.069690659	0.107011882	0.103633751	0.082810098	0.207170907	0.407188875	0.75964174	0.579837931	0.694887353	0.659163178	0.736248565	0.643548109	0.6
0.477642223	0.224700943	0.064771737	0.070163418	0.107597215	0.10319932	0.082423606	0.206946954	0.4065	0.758792745	0.579971533	0.694734482	0.659555993	0.736755931	0.643977054	0.6
0.4778	0.2257	0.0652	0.0706	0.1082	0.1029	0.0822	0.2066	0.405500699	0.758	0.5804	0.695	0.6597	0.7374	0.6443	0.6
0.478599429	0.22689712	0.06528163	0.071001666	0.108774396	0.102767787	0.082231255	0.206131824	0.404288206	0.757400754	0.581179266	0.695817535	0.659587513	0.738199565	0.644634567	0.6
0.479894532	0.228294749	0.065120706	0.071392593	0.109306949	0.102743569	0.082478484	0.205549429	0.402985365	0.757030755	0.582146466	0.697032696	0.659263339	0.739069924	0.645118757	0.6
0.481449922	0.229873818	0.064868967	0.071802687	0.109792305	0.102745457	0.082870085	0.204861122	0.401715015	0.75690038	0.583084032	0.69841909	0.658785408	0.739900501	0.645895662	0.6
0.483030208	0.231615258	0.064678153	0.072261854	0.110225107	0.102691564	0.083334458	0.20407521	0.4006	0.757020003	0.583774398	0.699750322	0.658211651	0.740580718	0.647108378	0.6
0.4844	0.2335	0.0647	0.0728	0.1106	0.1025	0.0838	0.2032	0.399736325	0.7574	0.584	0.7008	0.6576	0.741	0.6489	0.6
0.485386686	0.235506527	0.065046968	0.073438055	0.110923481	0.102122389	0.084203596	0.202259998	0.399112657	0.758047795	0.583630137	0.701406518	0.657021178	0.741098872	0.651338022	0.6
0.48606876	0.237603539	0.065674394	0.074161038	0.11124946	0.101644401	0.084516077	0.201344501	0.398690826	0.758959016	0.582881574	0.701667433	0.656597079	0.74102227	0.654187538	0.6
0.48658749	0.239757287	0.066498336	0.074944995	0.111643698	0.101185219	0.08471676	0.200559006	0.398432663	0.760126339	0.582057943	0.701745088	0.656462391	0.740966232	0.657138043	0.6
0.487084147	0.241934023	0.067434852	0.075765967	0.112171957	0.100864025	0.084784962	0.200009007	0.3983	0.761542442	0.581462874	0.701801829	0.656751802	0.741126796	0.659879032	0.6
0.4877	0.2441	0.0684	0.0766	0.1129	0.1008	0.0847	0.1998	0.398254001	0.7632	0.5814	0.702	0.6576	0.7417	0.6621	0.6
0.488538626	0.24623277	0.069318499	0.077433315	0.113867679	0.101073057	0.084460761	0.199996183	0.398253167	0.765053665	0.582074586	0.702462791	0.659066977	0.742813747	0.663583747	0.6
0.489552828	0.248355094	0.070149718	0.078292854	0.115011212	0.101606025	0.084144408	0.200496565	0.398255332	0.766905979	0.583298439	0.703156773	0.660913946	0.744323397	0.664486293	0.6
0.490657718	0.250501033	0.070861687	0.079215735	0.116240904	0.102282465	0.083847674	0.201158855	0.398218331	0.768521462	0.584784998	0.704009358	0.662827427	0.746016173	0.665056966	0.6
0.491768405	0.252704648	0.071422438	0.080239077	0.117467065	0.102985937	0.083667294	0.201840763	0.3981	0.76966463	0.586247705	0.704947962	0.664493939	0.747679299	0.665545093	0.6
0.4928	0.255	0.0718	0.0814	0.1186	0.1036	0.0837	0.2024	0.397891672	0.7701	0.5874	0.7059	0.6656	0.7491	0.6662	0.6
0.49368521	0.257415991	0.071988636	0.082731883	0.119586601	0.104045384	0.084010161	0.202732868	0.397718677	0.769698346	0.588035519	0.706794316	0.665930916	0.75011734	0.667206192	0.6
0.494427128	0.259960883	0.072087534	0.084253146	0.120520094	0.104391497	0.084532692	0.202890039	0.397739847	0.768755466	0.588268672	0.707565477	0.665667137	0.750777743	0.66848889	0.6
0.49504644	0.26263778	0.072222114	0.085978467	0.121530285	0.104744919	0.085170142	0.202960775	0.398114011	0.767673412	0.588294066	0.708149479	0.6650879	0.751179477	0.669908492	0.6
0.495563835	0.265449785	0.072517796	0.087922525	0.122746985	0.105212227	0.085825061	0.203034341	0.399	0.766854239	0.588306307	0.708482321	0.664472442	0.751420808	0.671325396	0.6
0.496	0.2684	0.0731	0.0901	0.1243	0.1059	0.0864	0.2032	0.400500113	0.7667	0.5885	0.7085	0.6641	0.7516	0.6726	0.6
0.496374932	0.271498466	0.074049357	0.092519151	0.126273115	0.106882208	0.086825794	0.203537944	0.402490525	0.767480951	0.58900654	0.708163145	0.664178161	0.751800895	0.673636284	0.6
0.496705861	0.274782973	0.075267346	0.095162562	0.128566014	0.108102385	0.087146424	0.20409208	0.40479088	0.768940157	0.589704474	0.707530921	0.664627907	0.75204963	0.674512546	0.6
0.497009323	0.278298246	0.076610657	0.098006398	0.131032355	0.109471459	0.087434157	0.204897244	0.407220824	0.770688888	0.590409138	0.706687124	0.665298574	0.752357917	0.675350666	0.6
0.497301857	0.282089013	0.077935978	0.101026822	0.133525797	0.110900355	0.08776126	0.205988272	0.4096	0.772338413	0.590935868	0.705715552	0.666039494	0.75273747	0.676272524	0.6
0.4976	0.2862	0.0791	0.1042	0.1359	0.1123	0.0882	0.2074	0.411782277	0.7735	0.5911	0.7047	0.6667	0.7532	0.6774	0.6
0.49791666	0.290639744	0.080001935	0.107512312	0.138054538	0.113595386	0.088804263	0.209131356	0.413758424	0.773893852	0.590779122	0.703725903	0.667171642	0.753753482	0.678799073	0.6
0.498250228	0.295272025	0.080711081	0.110991006	0.140072651	0.114767763	0.089554411	0.211037641	0.415553432	0.773675906	0.590099833	0.702885239	0.667514834	0.754390938	0.680312126	0.6
0.498595467	0.299924434	0.08133926	0.114673543	0.142083495	0.115812447	0.090412429	0.212938248	0.417192293	0.773111034	0.589250982	0.702271623	0.667832204	0.755101653	0.681725643	0.6
0.498947137	0.304424562	0.081998292	0.118597387	0.144216226	0.116724754	0.091340297	0.21465257	0.4187	0.772464108	0.588421421	0.701978672	0.668226383	0.755874912	0.682826107	0.6
0.4993	0.3086	0.0828	0.1228	0.1466	0.1175	0.0923	0.216	0.420111578	0.772	0.5878	0.7021	0.6688	0.7567	0.6834	0.6
0.499653628	0.312339358	0.083830104	0.127309999	0.149323133	0.11815385	0.093257156	0.216867831	0.42150218	0.771921243	0.587536971	0.702688444	0.669602471	0.757556378	0.683313024	0.6
0.500026826	0.315775327	0.085069931	0.132120615	0.152310583	0.118783364	0.094191931	0.217414956	0.422956993	0.77218102	0.587628195	0.703633725	0.670470358	0.758384218	0.682747748	0.6
0.50044321	0.319101617	0.086474705	0.137216231	0.155446465	0.119505954	0.095088128	0.217868164	0.424561204	0.772670175	0.588030933	0.704784783	0.67118701	0.759113869	0.681965961	0.6
0.500926397	0.322511938	0.087999652	0.142581231	0.158614899	0.120439029	0.09592955	0.218454249	0.4264	0.773279554	0.588702447	0.705990561	0.671535774	0.75967568	0.681229449	0.6
0.5015	0.3262	0.0896	0.1482	0.1617	0.1217	0.0967	0.2194	0.428517812	0.7739	0.5896	0.7071	0.6713	0.76	0.6808	0.6
0.50217043	0.330301223	0.091237648	0.154054891	0.164602529	0.123353215	0.097388714	0.220866918	0.430796057	0.774427576	0.590670593	0.707985121	0.670358474	0.760045806	0.680870431	0.6
0.502875268	0.334717865	0.092901197	0.160120135	0.167289819	0.12525078	0.098006665	0.222755336	0.433075395	0.774779215	0.591820187	0.708610263	0.668971734	0.759886589	0.68135768	0.6
0.503534892	0.339293897	0.094585922	0.166367933	0.169745844	0.127191736	0.098570259	0.224900295	0.435196489	0.774877065	0.592944485	0.708962844	0.667495757	0.759624469	0.682109713	0.6
0.504069677	0.343873285	0.096287098	0.172770488	0.171954579	0.128975129	0.099095902	0.227136836	0.437	0.774643277	0.593939189	0.709030284	0.66628652	0.759361566	0.682974498	0.6
0.5044	0.3483	0.098	0.1793	0.1739	0.1304	0.0996	0.2293	0.438380374	0.774	0.5947	0.7088	0.6657	0.7592	0.6838	0.6
0.504478254	0.352448551	0.099717704	0.185928839	0.175584349	0.131328489	0.100101587	0.231261296	0.439447193	0.772933251	0.595147858	0.708281473	0.665985234	0.759217999	0.684477251	0.6
0.504384902	0.356315611	0.101424482	0.192630047	0.177082941	0.131875117	0.100630209	0.2330381	0.440363826	0.77168452	0.595304657	0.707572425	0.666963507	0.759398227	0.685069531	0.6
0.504232423	0.359928396	0.103102409	0.199376836	0.178489359	0.1322175	0.101218036	0.234684256	0.441293639	0.770559163	0.595217526	0.706792641	0.668349162	0.759699455	0.685683186	0.6
0.504133296	0.363314121	0.104733557	0.206142416	0.179897184	0.132533256	0.101897243	0.236253608	0.4424	0.769862537	0.594933597	0.706061905	0.669856545	0.760080456	0.686424561	0.6
0.5042	0.3665	0.1063	0.2129	0.1814	0.133	0.1027	0.2378	0.443805493	0.7699	0.5945	0.7055	0.6712	0.7605	0.6874	0.6
0.504515753	0.369521375	0.107793138	0.219613755	0.183068074	0.133743229	0.103644936	0.239359098	0.445469571	0.770873019	0.593977974	0.705209788	0.672166189	0.760926197	0.688683766	0.6
0.505046723	0.372446091	0.109241675	0.226211679	0.184878416	0.134679954	0.1046965	0.240893864	0.447310902	0.772567505	0.593485186	0.705226437	0.67283104	0.761364503	0.690221796	0.6
0.505729817	0.375350119	0.110683644	0.232612724	0.186784721	0.135675064	0.105805596	0.24234908	0.449248155	0.774665482	0.593153411	0.705568192	0.673342796	0.761829711	0.691927942	0.6
0.50650194	0.378309432	0.112157075	0.238735847	0.188740684	0.136593449	0.106923128	0.243669531	0.4512	0.776848973	0.593114424	0.706253298	0.673849701	0.762336612	0.693716059	0.6
0.5073	0.3814	0.1137	0.2445	0.1907	0.1373	0.108	0.2448	0.453081653	0.7788	0.5935	0.7073	0.6745	0.7629	0.6955	0.6
0.508074733	0.38466515	0.115350545	0.249842541	0.192605755	0.137696995	0.108990667	0.245711111	0.454794524	0.780249874	0.594373846	0.708668974	0.675385208	0.763514812	0.697192484	0.6
0.508832205	0.388017627	0.117147216	0.254774439	0.194358596	0.137836269	0.10986379	0.246476845	0.456236567	0.78112706	0.595527399	0.710090626	0.676369933	0.76409656	0.698701685	0.6
0.509592309	0.391337528	0.119128615	0.259325067	0.195848558	0.137807045	0.110591578	0.247197024	0.457305741	0.781409308	0.596684029	0.71123779	0.677262054	0.764540902	0.699934645	0.6
0.510374943	0.394504953	0.121333343	0.263523796	0.196965681	0.137698548	0.111146245	0.247971469	0.4579	0.781074371	0.597567106	0.711783303	0.67786945	0.764743497	0.700798403	0.6
0.5112	0.3974	0.1238	0.2674	0.1976	0.1376	0.1115	0.2489	0.457992693	0.7801	0.5979	0.7114	0.678	0.7646	0.7012	0.6
0.512071713	0.399946824	0.126540682	0.270989681	0.197690506	0.137584791	0.111645195	0.250054058	0.457858734	0.778527484	0.597505843	0.709910314	0.677538578	0.764063357	0.701099099	0.6
0.512931658	0.402245803	0.129461459	0.274355365	0.197372002	0.137662971	0.111654741	0.251391555	0.457848429	0.776652255	0.596606819	0.70773506	0.676678028	0.763315657	0.700665863	0.6
0.513705746	0.40444137	0.132441895	0.277566209	0.196828245	0.137828756	0.11162169	0.252842023	0.458312082	0.774833285	0.595524873	0.705444648	0.675688189	0.76259628	0.700123077	0.6
0.514319889	0.406677958	0.135361554	0.280691368	0.196242993	0.13807636	0.111639092	0.254334994	0.4596	0.773429544	0.594581951	0.703609491	0.6748389	0.762144602	0.699693528	0.6
0.5147	0.4091	0.1381	0.2838	0.1958	0.1384	0.1118	0.2558	0.461941974	0.7728	0.5941	0.7028	0.6744	0.7622	0.6996	0.6
0.514790414	0.411784352	0.140581927	0.286932334	0.195643421	0.138778241	0.112174953	0.257192658	0.465085739	0.773187391	0.594291582	0.70339777	0.674567681	0.762918162	0.699987919	0.6
0.514609164	0.414537561	0.142912548	0.290012899	0.195758996	0.139127047	0.112744445	0.258572935	0.468658517	0.774369518	0.594931726	0.705029136	0.675243555	0.76412001	0.700693262	0.6
0.514192708	0.417098593	0.145242206	0.292937297	0.19609286	0.139346733	0.113466462	0.260026883	0.47228753	0.77600795	0.595686079	0.707131617	0.676255589	0.765542778	0.701474646	0.6
0.5135775	0.419206416	0.147721242	0.29560113	0.196591149	0.139337612	0.114298985	0.261640554	0.4756	0.777764255	0.596220289	0.709142732	0.677431749	0.766923697	0.702090686	0.6
0.5128	0.4206	0.1505	0.2979	0.1972	0.139	0.1152	0.2635	0.478332212	0.7793	0.5962	0.7105	0.6786	0.768	0.7023	0.6
